codon	-99	-98	-97	-96	-95	-94	-93	-92	-91	-90	-89	-88	-87	-86	-85	-84	-83	-82	-81	-80	-79	-78	-77	-76	-75	-74	-73	-72	-71	-70	-69	-68	-67	-66	-65	-64	-63	-62	-61	-60	-59	-58	-57	-56	-55	-54	-53	-52	-51	-50	-49	-48	-47	-46	-45	-44	-43	-42	-41	-40	-39	-38	-37	-36	-35	-34	-33	-32	-31	-30	-29	-28	-27	-26	-25	-24	-23	-22	-21	-20	-19	-18	-17	-16	-15	-14	-13	-12	-11	-10	-9	-8	-7	-6	-5	-4	-3	-2	-1	1	2	3	4	5	6	7	8	9	10	11	12	13	14	15	16	17	18	19	20	21	22	23	24	25	26	27	28	29	30	31	32	33	34	35	36	37	38	39	40	41	42	43	44	45	46	47	48	49	50	51	52	53	54	55	56	57	58	59	60	61	62	63	64	65	66	67	68	69	70	71	72	73	74	75	76	77	78	79	80	81	82	83	84	85	86	87	88	89	90	91	92	93	94	95	96	97	98	99
TTT	1.0111	1.0075	1.0032	1.0136	1.0097	0.9988	1.0296	1.0317	1.0106	1.0401	1.0313	1.0293	1.0418	1.0279	1.0184	1.0352	1.0376	1.0111	1.0012	0.9985	0.9826	0.9958	0.9819	0.9799	1.0008	0.9891	0.9726	1.0005	0.9934	0.9829	0.9966	0.9905	0.9654	0.9893	1.0012	0.9756	0.9893	0.9891	0.9760	0.9948	0.9910	0.9672	0.9925	0.9864	0.9761	1.0108	1.0064	0.9871	0.9974	0.9923	0.9798	0.9911	0.9980	0.9778	0.9943	0.9941	0.9690	0.9892	0.9810	0.9863	0.9902	0.9725	0.9625	0.9822	0.9654	0.9554	0.9701	0.9666	0.9630	0.9889	0.9747	0.9512	0.9673	0.9632	0.9596	1.0004	1.0059	0.9997	1.0549	1.0687	1.0436	1.0512	1.0236	0.9506	0.8640	0.7748	0.6693	0.7649	0.8931	1.0267	1.0706	1.0700	0.9938	0.9002	0.8168	0.7265	0.6696	0.6341	0.5916	0.6181	0.6400	0.6611	0.7199	0.7532	0.7936	0.8975	0.8984	0.9505	0.9778	1.0766	1.1057	1.1888	1.2096	1.1437	1.1714	1.1355	1.0922	1.0791	1.0561	1.0305	1.0442	1.0372	1.0138	1.0198	1.0252	0.9987	1.0208	1.0276	1.0041	1.0264	1.0220	1.0152	1.0115	0.9950	0.9623	0.9766	0.9600	0.9350	0.9531	0.9484	0.9398	0.9568	0.9534	0.9334	0.9543	0.9552	0.9575	0.9685	0.9524	0.9378	0.9684	0.9654	0.9515	0.9761	0.9677	0.9460	0.9554	0.9495	0.9380	0.9440	0.9505	0.9282	0.9523	0.9459	0.9344	0.9477	0.9513	0.9270	0.9275	0.9401	0.9106	0.9153	0.9286	0.9268	0.9263	0.9247	0.9108	0.9130	0.9134	0.9043	0.9245	0.9147	0.9005	0.9159	0.9147	0.8926	0.9142	0.9078	0.9078	0.9106	0.8997	0.8931	0.9224	0.9354	0.9316	0.9588	0.9613	0.9422
TTC	1.0235	1.0175	0.9942	1.0179	1.0080	0.9789	0.9970	0.9924	0.9751	1.0128	0.9996	0.9676	0.9944	0.9951	0.9656	0.9876	0.9849	0.9812	0.9998	0.9978	0.9722	0.9967	0.9843	0.9734	1.0019	0.9986	0.9817	1.0118	1.0047	0.9965	1.0229	1.0159	0.9786	1.0156	1.0021	0.9859	1.0169	1.0236	1.0006	1.0303	1.0158	0.9959	1.0207	1.0068	0.9863	1.0289	1.0295	1.0092	1.0331	1.0189	0.9987	1.0246	1.0101	0.9866	1.0178	0.9922	0.9471	0.9713	0.9633	0.9518	0.9718	0.9695	0.9488	0.9820	0.9687	0.9473	0.9795	0.9755	0.9658	0.9943	0.9937	0.9757	1.0223	1.0238	1.0151	1.0616	1.0538	1.0323	1.0656	1.0605	1.0192	1.0091	0.9823	0.9234	0.8898	0.8535	0.7899	0.9320	1.0380	0.9973	1.0496	1.0169	0.9432	0.8831	0.8296	0.7408	0.7133	0.6783	0.6421	0.6672	0.6782	0.6926	0.7529	0.7750	0.7950	0.8742	0.8710	0.9047	0.9925	0.9993	1.0933	1.2637	1.1905	1.2029	1.2285	1.1829	1.1131	1.0981	1.0605	1.0125	1.0299	1.0049	0.9708	1.0103	0.9990	0.9758	1.0114	0.9952	0.9593	0.9969	0.9911	0.9933	1.0257	1.0065	0.9812	1.0100	1.0050	0.9852	1.0036	1.0007	0.9690	1.0012	0.9923	0.9624	0.9928	0.9744	0.9578	0.9711	0.9599	0.9238	0.9488	0.9411	0.9220	0.9395	0.9372	0.9220	0.9455	0.9579	0.9351	0.9676	0.9538	0.9336	0.9682	0.9562	0.9429	0.9808	0.9661	0.9511	0.9745	0.9510	0.9258	0.9632	0.9640	0.9372	0.9566	0.9526	0.9316	0.9669	0.9498	0.9415	0.9713	0.9657	0.9507	0.9745	0.9543	0.9305	0.9710	0.9632	0.9402	0.9767	0.9713	0.9524	0.9792	0.9584	0.9393	0.9713	0.9901	0.9809
TTA	1.0045	1.0200	1.0242	1.0315	1.0324	1.0383	1.0378	1.0565	1.0718	1.0963	1.0836	1.0769	1.0806	1.0778	1.0413	1.0492	1.0560	1.0275	1.0172	1.0112	1.0097	1.0114	1.0103	1.0286	1.0390	1.0394	1.0350	1.0407	1.0352	1.0172	1.0239	1.0423	1.0391	1.0350	1.0411	1.0218	1.0195	1.0055	0.9756	0.9828	0.9686	0.9602	0.9784	0.9692	0.9659	0.9732	0.9686	0.9611	0.9561	0.9469	0.9496	0.9619	0.9768	1.0056	1.0257	1.0155	1.0259	1.0253	1.0171	1.0105	0.9879	1.0007	1.0029	1.0246	1.0212	1.0141	1.0274	1.0264	1.0211	1.0085	1.0042	0.9983	1.0111	1.0057	0.9923	1.0011	1.0000	1.0189	1.0367	1.0603	1.0678	1.0900	1.0705	1.0047	0.9001	0.7589	0.6086	0.6385	0.6366	0.7933	0.8999	0.9296	0.9125	0.8572	0.8400	0.8402	0.8136	0.7972	0.8012	0.8213	0.8543	0.9042	0.9694	1.0305	1.0604	1.0990	1.0504	1.0500	1.0376	1.1115	1.1192	1.0601	1.2692	1.1891	1.1365	1.1115	1.0573	1.0397	1.0318	1.0204	1.0221	1.0204	0.9901	1.0041	0.9950	0.9911	0.9938	1.0001	0.9754	0.9844	0.9951	0.9720	0.9696	0.9661	0.9719	0.9717	0.9583	0.9554	0.9619	0.9827	0.9979	1.0259	1.0464	1.0516	1.0522	1.0422	1.0297	1.0377	1.0366	1.0235	1.0348	1.0275	1.0117	1.0029	1.0188	1.0008	0.9879	0.9851	0.9767	0.9887	0.9890	0.9618	0.9784	0.9834	0.9819	0.9558	0.9509	0.9500	0.9712	0.9734	0.9617	0.9549	0.9551	0.9432	0.9428	0.9325	0.9412	0.9623	0.9586	0.9565	0.9494	0.9562	0.9481	0.9533	0.9663	0.9467	0.9450	0.9597	0.9425	0.9614	0.9594	0.9336	0.9579	0.9622	0.9639	0.9743	0.9781	0.9533
TTG	1.0238	1.0166	1.0034	1.0209	1.0251	1.0212	1.0078	1.0054	0.9924	1.0001	1.0010	0.9965	0.9993	0.9867	0.9824	0.9988	1.0135	1.0008	1.0129	1.0086	0.9897	1.0056	1.0137	1.0051	1.0069	1.0083	0.9889	1.0202	1.0161	1.0107	1.0276	1.0324	1.0098	1.0353	1.0348	1.0265	1.0368	1.0422	1.0143	1.0256	1.0029	0.9846	0.9946	0.9938	0.9756	0.9783	0.9921	0.9712	0.9817	0.9618	0.9449	0.9534	0.9482	0.9381	0.9574	0.9570	0.9454	0.9813	0.9903	0.9776	0.9897	0.9939	1.0010	1.0289	1.0191	1.0132	1.0481	1.0569	1.0469	1.0635	1.0741	1.0573	1.0627	1.0575	1.0576	1.0849	1.1004	1.1047	1.1131	1.1029	1.0594	1.0371	1.0044	0.9667	0.9382	0.9260	0.9246	1.0837	1.2048	1.1380	1.1273	1.1034	1.0324	1.0015	0.9840	0.9380	0.9250	0.9084	0.9105	1.0015	1.0423	1.0983	1.1983	1.2607	1.3099	1.3503	1.2785	1.3071	1.2674	1.3410	1.5575	1.3876	1.2322	1.1704	1.1327	1.1210	1.0862	1.0792	1.0791	1.0595	1.0721	1.0704	1.0499	1.0686	1.0577	1.0386	1.0398	1.0529	1.0388	1.0351	1.0357	1.0127	1.0265	1.0047	1.0007	1.0213	1.0192	1.0037	1.0320	1.0377	1.0276	1.0486	1.0549	1.0323	1.0309	1.0188	0.9966	1.0132	1.0262	1.0145	1.0420	1.0374	1.0311	1.0303	1.0207	0.9922	0.9918	0.9711	0.9487	0.9611	0.9501	0.9491	0.9751	0.9804	0.9695	0.9722	0.9624	0.9446	0.9507	0.9449	0.9344	0.9546	0.9654	0.9390	0.9701	0.9596	0.9486	0.9671	0.9555	0.9369	0.9440	0.9439	0.9365	0.9612	0.9723	0.9581	0.9810	0.9771	0.9441	0.9610	0.9612	0.9456	0.9604	0.9470	0.9445	0.9576	0.9526	0.9218
TCT	1.0473	1.0514	1.0325	1.0357	1.0209	1.0019	1.0038	1.0051	1.0103	1.0354	1.0413	1.0355	1.0344	1.0438	1.0365	1.0471	1.0247	1.0104	1.0231	1.0386	1.0124	1.0234	1.0309	1.0028	1.0067	0.9944	0.9690	0.9782	0.9875	0.9841	1.0044	1.0101	1.0010	1.0151	0.9935	0.9582	0.9692	0.9913	0.9821	0.9928	0.9869	0.9817	0.9933	0.9885	0.9825	1.0000	0.9997	0.9842	0.9818	0.9892	0.9815	0.9886	0.9801	0.9546	0.9388	0.9401	0.9236	0.9324	0.9261	0.9226	0.9507	0.9566	0.9610	0.9694	0.9598	0.9387	0.9516	0.9495	0.9376	0.9571	0.9477	0.9261	0.9410	0.9429	0.9424	0.9433	0.9369	0.9243	0.9436	0.9439	0.9444	0.9584	0.9505	0.9337	0.9427	0.9368	0.9626	1.1211	1.0928	1.1537	1.0740	1.0530	1.0068	0.9680	0.9116	0.8779	0.8308	0.7802	0.7344	0.7426	0.7575	0.7571	0.7826	0.7978	0.8176	0.8605	0.8576	0.9183	0.8482	0.9298	1.0065	0.9499	1.0383	1.0018	1.0155	1.0116	0.9754	0.9741	0.9648	0.9441	0.9402	0.9470	0.9149	0.9337	0.9356	0.9354	0.9460	0.9513	0.9461	0.9526	0.9734	0.9717	0.9687	0.9784	0.9739	0.9897	0.9890	0.9699	0.9701	0.9834	0.9725	0.9722	0.9773	0.9574	0.9491	0.9592	0.9445	0.9569	0.9526	0.9280	0.9386	0.9223	0.9144	0.9308	0.9384	0.9216	0.9538	0.9531	0.9352	0.9370	0.9316	0.9260	0.9336	0.9342	0.9279	0.9515	0.9527	0.9314	0.9508	0.9442	0.9363	0.9516	0.9368	0.9314	0.9425	0.9411	0.9231	0.9325	0.9301	0.9379	0.9424	0.9473	0.9344	0.9425	0.9408	0.9298	0.9407	0.9303	0.9240	0.9294	0.9324	0.9275	0.9416	0.9587	0.9394	0.9715	0.9698	0.9547
TCC	1.0190	1.0197	0.9839	1.0050	1.0020	0.9839	1.0154	1.0081	0.9872	1.0193	0.9969	0.9830	1.0053	0.9946	0.9900	1.0050	0.9949	0.9829	0.9895	0.9884	0.9694	0.9823	0.9846	0.9640	0.9816	0.9771	0.9609	0.9829	0.9816	0.9732	1.0026	0.9996	0.9891	0.9932	0.9915	0.9653	0.9746	0.9668	0.9334	0.9559	0.9594	0.9422	0.9692	0.9594	0.9269	0.9540	0.9534	0.9206	0.9354	0.9550	0.9508	0.9714	0.9647	0.9500	0.9735	0.9720	0.9497	0.9721	0.9703	0.9539	0.9679	0.9593	0.9270	0.9455	0.9302	0.9242	0.9441	0.9402	0.9313	0.9481	0.9411	0.9179	0.9440	0.9488	0.9266	0.9553	0.9499	0.9154	0.9247	0.9074	0.8819	0.8802	0.8759	0.8700	0.9211	0.9456	1.0207	1.2127	1.2539	1.0988	1.0605	1.0132	0.9541	0.9523	0.9271	0.8831	0.8716	0.8394	0.8071	0.8066	0.8034	0.7984	0.8322	0.8387	0.8301	0.8635	0.8485	0.8874	0.8708	0.8726	1.0952	0.9785	0.9180	0.9394	0.9547	0.9364	0.9252	0.9455	0.9379	0.9074	0.9272	0.9279	0.9168	0.9508	0.9446	0.9396	0.9717	0.9715	0.9599	0.9971	0.9814	0.9531	0.9795	0.9802	0.9495	0.9695	0.9570	0.9375	0.9539	0.9415	0.9224	0.9364	0.9448	0.9238	0.9522	0.9439	0.9297	0.9644	0.9573	0.9473	0.9783	0.9720	0.9447	0.9709	0.9670	0.9623	0.9937	0.9807	0.9530	0.9670	0.9543	0.9154	0.9228	0.9273	0.9171	0.9358	0.9311	0.9317	0.9596	0.9494	0.9255	0.9341	0.9227	0.9121	0.9355	0.9435	0.9235	0.9405	0.9456	0.9177	0.9536	0.9662	0.9468	0.9920	0.9821	0.9583	0.9666	0.9682	0.9552	0.9734	0.9581	0.9290	0.9433	0.9318	0.9051	0.9258	0.9345	0.9308
TCA	1.0460	1.0295	1.0213	1.0526	1.0504	1.0403	1.0317	1.0119	0.9861	0.9981	0.9897	0.9758	0.9699	0.9664	0.9561	0.9713	0.9705	0.9673	0.9760	0.9851	0.9695	0.9950	0.9836	0.9682	0.9692	0.9776	0.9588	0.9629	0.9394	0.9301	0.9259	0.9286	0.9053	0.9154	0.9093	0.9126	0.9304	0.9363	0.9310	0.9374	0.9373	0.9304	0.9510	0.9375	0.9189	0.9233	0.9539	0.9528	0.9644	0.9810	0.9617	0.9701	0.9699	0.9535	0.9665	0.9771	0.9639	0.9600	0.9530	0.9322	0.9407	0.9521	0.9290	0.9350	0.9221	0.9141	0.9434	0.9443	0.9356	0.9415	0.9124	0.9029	0.9266	0.9419	0.9367	0.9572	0.9579	0.9558	0.9636	0.9757	0.9728	0.9588	0.9598	0.9345	0.9314	0.9209	0.9071	1.0418	0.7325	0.8415	0.8725	0.8779	0.8558	0.8456	0.8282	0.7997	0.7490	0.7094	0.6833	0.6682	0.6772	0.6764	0.6964	0.7166	0.7248	0.7356	0.7148	0.7464	0.7042	0.7662	0.9136	0.8641	1.0226	0.9698	0.9405	0.9311	0.9267	0.9347	0.9242	0.9177	0.9278	0.9206	0.9167	0.9488	0.9488	0.9388	0.9571	0.9569	0.9553	0.9631	0.9606	0.9418	0.9463	0.9538	0.9383	0.9325	0.9346	0.9268	0.9453	0.9401	0.9267	0.9355	0.9334	0.9340	0.9335	0.9349	0.9460	0.9431	0.9507	0.9429	0.9538	0.9485	0.9596	0.9836	0.9902	0.9606	0.9789	0.9694	0.9565	0.9719	0.9735	0.9608	0.9720	0.9766	0.9410	0.9404	0.9625	0.9568	0.9601	0.9695	0.9386	0.9502	0.9466	0.9254	0.9177	0.9200	0.9047	0.9277	0.9348	0.9119	0.9290	0.9276	0.9133	0.9348	0.9464	0.9276	0.9329	0.9373	0.9324	0.9398	0.9397	0.9136	0.9207	0.9141	0.9057	0.9278	0.9432	0.9465
TCG	0.9229	0.8890	0.8958	0.9500	0.9520	0.9796	0.9958	0.9838	0.9877	1.0145	0.9970	0.9705	1.0129	1.0070	0.9918	1.0300	1.0059	0.9914	1.0138	0.9988	0.9729	0.9760	0.9657	0.9545	0.9930	0.9884	0.9813	1.0161	0.9974	0.9906	0.9910	0.9860	0.9449	0.9858	0.9786	0.9607	0.9660	0.9345	0.9212	0.9644	0.9448	0.9212	0.9319	0.9137	0.8952	0.8809	0.8890	0.8614	0.8802	0.8925	0.8776	0.9476	0.9585	0.9621	0.9998	1.0021	0.9879	0.9981	1.0050	0.9553	0.9711	0.9604	0.9601	0.9755	0.9574	0.9187	0.9424	0.9275	0.9126	0.9472	0.9559	0.9492	0.9750	0.9807	0.9168	0.9331	0.9262	0.8971	0.9352	0.9223	0.8739	0.8919	0.9071	0.9338	0.9968	1.0270	1.0830	1.2922	1.2694	1.1518	1.0858	1.0400	0.9863	0.9615	0.9132	0.8570	0.8069	0.7566	0.7355	0.7845	0.7782	0.7778	0.8218	0.8339	0.8346	0.8616	0.8271	0.8940	0.8320	0.8946	1.2892	1.1666	1.0966	1.0940	1.0702	1.0461	0.9860	0.9720	0.9716	0.9337	0.9041	0.8746	0.8605	0.8827	0.8813	0.8718	0.9043	0.9064	0.9109	0.9748	0.9601	0.9828	0.9881	0.9657	0.9490	0.9427	0.9397	0.9135	0.9293	0.9281	0.9139	0.9364	0.9408	0.9475	0.9785	0.9551	0.9659	0.9783	0.9719	0.9525	0.9602	0.9739	0.9194	0.9633	0.9612	0.9433	1.0084	0.9816	0.9448	0.9640	0.9612	0.9304	0.9670	0.9382	0.9275	0.9585	0.9393	0.9201	0.9558	0.9524	0.9324	0.9429	0.9325	0.9432	0.9596	0.9561	0.9372	0.9675	0.9762	0.9675	0.9979	0.9837	0.9435	0.9299	0.9372	0.9090	0.9172	0.9041	0.8862	0.9189	0.9154	0.8755	0.9018	0.9077	0.9103	0.9446	0.9237	0.9042
TAT	1.0124	1.0087	0.9982	1.0132	1.0054	0.9945	1.0219	1.0106	1.0030	1.0186	1.0191	1.0175	1.0381	1.0312	1.0094	1.0402	1.0267	0.9904	1.0160	1.0097	1.0016	1.0206	1.0056	0.9947	1.0014	0.9943	0.9657	0.9819	0.9825	0.9554	0.9883	0.9788	0.9759	0.9987	0.9985	0.9795	1.0048	0.9943	0.9815	0.9931	0.9981	0.9868	0.9927	0.9843	0.9570	0.9703	0.9729	0.9487	0.9639	0.9494	0.9348	0.9818	0.9789	0.9714	1.0107	0.9990	0.9825	0.9933	0.9943	1.0029	1.0241	1.0196	1.0036	1.0210	1.0121	0.9830	0.9922	0.9942	0.9883	1.0322	1.0364	1.0137	1.0357	1.0175	0.9967	1.0196	1.0399	1.0578	1.0958	1.1117	1.0993	1.1116	1.0738	0.9993	0.8817	0.7525	0.5932	0.5834	0.6866	0.7785	0.8400	0.8723	0.8346	0.8221	0.8094	0.7695	0.7852	0.7866	0.7771	0.8393	0.8671	0.8889	0.9546	0.9884	0.9914	1.0732	1.0526	1.0559	1.0424	1.0917	1.0278	1.4055	1.3794	1.2802	1.2690	1.2232	1.1594	1.1336	1.1146	1.0752	1.0860	1.0656	1.0386	1.0530	1.0410	1.0176	1.0535	1.0487	1.0258	1.0357	1.0456	1.0251	1.0387	1.0215	0.9916	1.0000	0.9652	0.9509	0.9564	0.9398	0.9086	0.9338	0.9214	0.8976	0.9175	0.9091	0.8914	0.9098	0.9173	0.8952	0.9355	0.9256	0.9136	0.9437	0.9426	0.9238	0.9475	0.9491	0.9241	0.9237	0.9074	0.8920	0.9081	0.8952	0.8825	0.9085	0.8959	0.8954	0.9189	0.9229	0.9093	0.9231	0.9086	0.8880	0.8994	0.9039	0.9039	0.9181	0.9297	0.9142	0.9272	0.9132	0.8902	0.9094	0.9149	0.9143	0.9257	0.9118	0.8978	0.9078	0.9141	0.9205	0.9470	0.9461	0.9393	0.9745	0.9762	0.9604
TAC	1.0587	1.0583	1.0383	1.0457	1.0273	1.0062	1.0398	1.0317	1.0053	1.0324	1.0201	0.9943	1.0204	1.0096	0.9758	0.9993	0.9907	0.9711	1.0036	1.0021	0.9694	1.0038	1.0151	0.9874	1.0149	1.0041	0.9940	1.0276	1.0217	0.9872	0.9957	0.9836	0.9569	0.9861	0.9916	0.9776	1.0090	0.9968	0.9731	0.9948	0.9930	0.9766	1.0058	0.9968	0.9782	0.9974	0.9802	0.9682	0.9989	0.9844	0.9604	0.9941	0.9833	0.9592	0.9847	0.9804	0.9592	0.9759	0.9844	0.9607	0.9963	0.9908	0.9742	1.0122	1.0081	0.9717	1.0037	0.9915	0.9571	0.9726	0.9621	0.9467	0.9691	0.9587	0.9527	1.0036	1.0211	1.0242	1.0792	1.0817	1.0499	1.0425	1.0048	0.9185	0.8652	0.8090	0.7171	0.7964	0.9038	0.9140	0.9849	0.9819	0.9304	0.9295	0.9318	0.8998	0.9366	0.9310	0.8876	0.9302	0.9485	0.9764	1.0525	1.0761	1.0731	1.1318	1.0923	1.0897	1.1357	1.0884	1.0278	1.5301	1.4182	1.3278	1.3191	1.2514	1.1576	1.1294	1.0856	1.0180	1.0190	0.9930	0.9415	0.9625	0.9623	0.9369	0.9721	0.9589	0.9410	0.9734	0.9784	0.9429	0.9827	0.9815	0.9721	1.0008	0.9976	0.9570	0.9788	0.9628	0.9341	0.9663	0.9378	0.9139	0.9515	0.9435	0.9171	0.9385	0.9273	0.9104	0.9508	0.9439	0.9232	0.9472	0.9343	0.9065	0.9341	0.9229	0.9268	0.9531	0.9359	0.9285	0.9542	0.9521	0.9298	0.9526	0.9322	0.9157	0.9396	0.9239	0.9001	0.9522	0.9542	0.9386	0.9703	0.9507	0.9219	0.9332	0.9120	0.8861	0.9097	0.9041	0.8835	0.9205	0.9185	0.8925	0.9195	0.9232	0.9151	0.9432	0.9418	0.9164	0.9641	0.9473	0.9221	0.9435	0.9437	0.9346
TGT	1.0359	1.0395	1.0355	1.0521	1.0409	1.0250	1.0554	1.0353	1.0130	1.0215	1.0252	1.0407	1.0476	1.0469	1.0492	1.0618	1.0479	1.0277	1.0579	1.0449	0.9852	1.0202	1.0381	1.0214	1.0825	1.0830	1.0685	1.0846	1.0804	1.0508	1.0463	1.0371	1.0213	1.0395	1.0264	1.0174	1.0419	1.0211	0.9993	0.9951	0.9968	0.9982	0.9955	0.9861	0.9705	0.9774	0.9851	0.9758	0.9904	1.0210	1.0063	1.0444	1.0389	1.0171	1.0342	1.0262	1.0224	1.0347	1.0038	0.9747	1.0001	0.9967	0.9901	0.9900	0.9672	0.9614	0.9935	1.0032	0.9858	1.0044	0.9911	0.9838	0.9910	0.9825	0.9696	1.0014	1.0078	0.9790	0.9903	0.9847	0.9605	0.9629	0.9592	0.9803	1.0216	1.0609	1.0833	1.1654	1.0049	1.0410	1.0702	1.0648	1.0045	0.9297	0.8396	0.7577	0.7225	0.6945	0.6570	0.6419	0.6387	0.6426	0.6911	0.7354	0.7564	0.8495	0.8456	0.9139	0.8932	0.9975	0.9112	0.8891	1.0027	0.9553	1.0077	0.9987	0.9784	0.9941	0.9731	0.9605	0.9890	0.9929	0.9615	0.9632	0.9595	0.9552	0.9775	0.9717	0.9629	0.9866	0.9713	0.9329	0.9330	0.9361	0.9196	0.9579	0.9590	0.9516	0.9764	0.9723	0.9494	0.9795	0.9565	0.9504	0.9770	0.9840	0.9783	0.9833	0.9782	0.9543	0.9593	0.9571	0.9324	0.9408	0.9282	0.9193	0.9546	0.9852	0.9660	0.9731	0.9691	0.9542	0.9536	0.9355	0.9254	0.9420	0.9327	0.9075	0.9158	0.9348	0.9327	0.9716	0.9624	0.9433	0.9589	0.9689	0.9602	0.9752	0.9713	0.9569	0.9998	0.9866	0.9660	0.9989	0.9759	0.9490	0.9578	0.9503	0.9226	0.9314	0.9447	0.9237	0.9410	0.9268	0.8983	0.9082	0.9132	0.9019
TGC	1.0387	1.0139	1.0071	1.0279	1.0184	0.9946	0.9996	0.9879	0.9555	0.9817	0.9759	0.9527	0.9688	0.9628	0.9532	0.9614	0.9404	0.9237	0.9566	0.9514	0.9312	0.9675	0.9572	0.9446	0.9695	0.9661	0.9319	0.9742	0.9699	0.9502	0.9907	1.0048	0.9964	1.0304	1.0089	0.9905	1.0144	1.0118	0.9961	1.0176	0.9948	0.9651	0.9830	0.9778	0.9718	0.9881	0.9879	0.9677	1.0169	1.0113	0.9940	1.0102	0.9787	0.9567	0.9905	0.9864	0.9681	1.0165	1.0257	0.9870	0.9864	0.9714	0.9374	0.9593	0.9481	0.9322	0.9793	0.9660	0.9323	0.9654	0.9693	0.9526	0.9896	0.9603	0.9202	0.9311	0.9231	0.8854	0.8914	0.8841	0.8618	0.9017	0.9163	0.9125	1.0195	1.0560	1.1234	1.2899	1.2683	1.0792	1.0640	1.0154	0.9358	0.8984	0.8388	0.7654	0.7614	0.7360	0.7326	0.7366	0.7247	0.7152	0.7684	0.7868	0.8037	0.8761	0.8749	0.8940	0.9557	1.0316	0.9814	0.8616	0.7947	0.8128	0.8712	0.8812	0.8770	0.9299	0.9298	0.9250	0.9568	0.9488	0.9130	0.9593	0.9265	0.9126	0.9578	0.9552	0.9478	0.9844	0.9873	0.9791	1.0060	0.9936	0.9688	0.9921	0.9766	0.9487	0.9901	0.9942	0.9769	1.0128	0.9929	0.9630	1.0125	1.0041	1.0186	1.0432	1.0145	0.9848	0.9954	0.9773	0.9323	0.9390	0.9451	0.9189	0.9502	0.9553	0.9423	0.9736	0.9724	0.9401	0.9574	0.9592	0.9463	0.9714	0.9559	0.9420	0.9676	0.9825	0.9728	1.0150	1.0072	0.9802	0.9938	0.9924	0.9631	0.9933	0.9930	0.9811	1.0189	0.9971	0.9669	0.9920	0.9731	0.9533	0.9653	0.9446	0.9247	0.9656	0.9522	0.9338	0.9822	0.9701	0.9750	1.0330	1.0200	1.0224
TGG	1.0616	1.0550	1.0222	1.0281	1.0207	1.0066	1.0251	1.0088	0.9823	0.9928	0.9762	0.9656	0.9727	0.9618	0.9549	0.9832	0.9867	0.9657	0.9970	1.0066	1.0034	1.0250	1.0190	0.9832	1.0043	1.0006	0.9887	1.0255	1.0345	0.9936	1.0119	1.0113	0.9799	0.9702	0.9476	0.9102	0.9171	0.9163	0.8978	0.9307	0.9307	0.9095	0.9466	0.9497	0.9332	0.9545	0.9375	0.9252	0.9548	0.9556	0.9449	0.9637	0.9626	0.9494	0.9627	0.9349	0.9208	0.9568	0.9459	0.9287	0.9595	0.9579	0.9610	0.9959	1.0056	0.9951	1.0098	0.9968	0.9706	0.9731	0.9492	0.9409	0.9650	0.9703	0.9550	0.9896	0.9862	0.9706	0.9892	0.9691	0.9351	0.9246	0.9065	0.8948	0.9288	0.9776	1.0436	1.2326	1.2200	1.0996	1.0430	1.0109	0.9383	0.9581	0.9372	0.8902	0.9051	0.9057	0.9407	1.0355	1.0719	1.0871	1.1342	1.1521	1.1199	1.1347	1.0722	1.0699	1.0543	1.2408	1.1663	0.9747	0.8655	0.8762	0.9320	0.9329	0.9344	0.9561	0.9651	0.9553	0.9948	1.0301	1.0070	1.0406	1.0482	1.0258	1.0420	1.0278	0.9967	1.0100	0.9911	0.9712	0.9747	0.9690	0.9516	0.9583	0.9443	0.9031	0.9219	0.9241	0.9076	0.9371	0.9377	0.9278	0.9311	0.9257	0.9150	0.9118	0.8901	0.8834	0.9075	0.9050	0.8788	0.8890	0.8888	0.8730	0.8904	0.8919	0.8659	0.8792	0.8735	0.8551	0.8892	0.8717	0.8736	0.9183	0.9091	0.8984	0.9296	0.9261	0.9054	0.9346	0.9339	0.9198	0.9428	0.9420	0.9226	0.9437	0.9321	0.9198	0.9498	0.9407	0.9305	0.9416	0.9480	0.9269	0.9456	0.9382	0.9046	0.9214	0.9184	0.8891	0.8974	0.9121	0.8968	0.9391	0.9377	0.9313
CTT	1.0307	1.0316	1.0157	1.0219	0.9990	1.0026	1.0120	1.0096	1.0054	1.0331	1.0442	1.0261	1.0414	1.0389	1.0068	1.0108	1.0034	0.9896	0.9902	0.9888	0.9843	0.9882	0.9895	0.9675	0.9786	0.9746	0.9584	0.9872	0.9804	0.9660	1.0020	0.9983	0.9907	1.0093	1.0044	1.0081	1.0217	1.0321	1.0113	1.0207	1.0046	0.9843	0.9871	0.9805	0.9820	0.9884	0.9789	0.9848	0.9904	0.9984	0.9945	0.9937	0.9897	0.9872	0.9907	0.9946	0.9877	1.0083	1.0013	0.9943	0.9961	0.9967	0.9827	0.9928	0.9987	0.9947	1.0044	1.0026	0.9765	0.9761	0.9709	0.9663	0.9857	0.9852	0.9933	1.0119	1.0088	1.0098	1.0177	1.0109	0.9873	0.9778	0.9784	0.9720	0.9951	1.0108	1.0831	0.9166	0.9469	1.0530	1.1106	1.1109	1.0814	1.0291	0.9889	0.9459	0.9135	0.8729	0.8705	0.9936	1.1058	1.2292	1.3447	1.4209	1.5059	1.5645	1.6243	1.4680	1.4885	1.5307	1.3140	1.2661	1.2715	1.1863	1.1307	1.0753	1.0151	1.0167	1.0044	0.9844	0.9987	1.0051	0.9828	0.9823	0.9793	0.9621	0.9684	0.9699	0.9521	0.9676	0.9656	0.9578	0.9757	0.9798	0.9837	0.9945	1.0038	1.0027	1.0333	1.0213	1.0100	1.0387	1.0487	1.0194	1.0235	1.0195	1.0058	0.9962	0.9902	0.9797	0.9949	0.9948	0.9802	0.9874	0.9846	0.9818	0.9907	0.9711	0.9721	0.9808	0.9792	0.9608	0.9669	0.9699	0.9774	0.9829	0.9879	0.9750	1.0056	0.9995	0.9931	0.9869	0.9768	0.9619	0.9752	0.9892	0.9782	0.9971	1.0005	1.0029	1.0273	1.0233	1.0049	1.0143	1.0024	0.9838	1.0085	1.0083	1.0000	1.0214	1.0264	0.9993	1.0093	1.0163	1.0020	1.0290	1.0438	1.0300
CTC	1.0371	1.0340	1.0122	1.0412	1.0253	1.0209	1.0579	1.0551	1.0319	1.0420	1.0281	1.0010	1.0177	1.0056	0.9913	1.0098	1.0059	0.9824	1.0025	1.0002	0.9733	0.9896	0.9821	0.9554	0.9867	0.9810	0.9520	0.9786	0.9786	0.9699	0.9953	0.9882	0.9607	0.9729	0.9648	0.9513	0.9940	1.0001	0.9724	1.0135	1.0133	0.9985	1.0139	1.0109	0.9848	0.9947	0.9808	0.9608	0.9782	0.9704	0.9476	0.9703	0.9458	0.9264	0.9708	0.9760	0.9556	0.9803	0.9762	0.9656	0.9924	0.9850	0.9502	0.9456	0.9272	0.9142	0.9418	0.9485	0.9418	0.9836	0.9866	0.9733	1.0015	0.9913	0.9665	1.0014	0.9879	0.9485	0.9753	0.9700	0.9287	0.9441	0.9409	0.9375	0.9996	1.0444	1.1440	1.1497	1.2129	1.0115	1.0730	1.0552	1.0184	0.9940	0.9708	0.9173	0.9392	0.9102	0.8830	0.9136	0.9301	0.9589	1.0410	1.0611	1.0902	1.1364	1.2002	1.1095	1.1858	1.1502	0.9959	1.1436	1.0883	1.1437	1.1680	1.1252	1.0820	1.0827	1.0632	1.0043	1.0117	1.0003	0.9754	1.0137	1.0035	0.9695	1.0137	1.0081	0.9933	1.0386	1.0206	0.9937	1.0145	1.0039	0.9877	1.0270	1.0073	1.0032	1.0339	1.0349	1.0241	1.0443	1.0385	1.0022	1.0382	1.0299	1.0027	1.0254	1.0070	0.9848	1.0006	0.9919	0.9785	0.9992	0.9873	0.9599	0.9932	0.9774	0.9515	0.9925	0.9783	0.9561	1.0000	0.9918	0.9693	1.0067	1.0079	0.9685	0.9913	0.9746	0.9626	1.0021	0.9914	0.9793	1.0193	1.0175	0.9959	1.0234	1.0263	1.0004	1.0379	1.0355	1.0351	1.0508	1.0407	1.0090	1.0328	1.0134	0.9896	1.0098	0.9979	0.9857	1.0280	1.0559	1.0516	1.0999	1.0990	1.0810
CTA	1.0213	1.0183	1.0251	1.0212	1.0287	1.0233	1.0240	1.0242	1.0373	1.0235	1.0151	1.0107	1.0077	1.0025	0.9969	1.0300	1.0426	1.0295	1.0283	1.0248	1.0050	1.0175	1.0255	1.0181	0.9992	0.9760	0.9440	0.9943	1.0117	1.0034	1.0304	1.0319	0.9993	1.0019	1.0206	1.0215	1.0470	1.0429	1.0165	1.0286	1.0169	0.9667	0.9782	0.9800	0.9681	0.9839	0.9778	0.9690	0.9717	0.9697	0.9595	0.9620	0.9559	0.9378	0.9487	0.9640	0.9498	0.9511	0.9478	0.9433	0.9535	0.9768	0.9917	0.9975	0.9910	0.9757	0.9909	0.9840	0.9538	0.9950	1.0037	1.0068	1.0308	1.0096	0.9847	1.0131	1.0068	0.9994	1.0200	1.0465	0.9918	0.9874	0.9966	0.9815	0.9994	1.0164	1.0642	0.8273	0.6922	0.8057	0.9031	0.9249	0.9185	0.8927	0.9074	0.9074	0.8892	0.8626	0.8637	0.9387	1.0160	1.0795	1.1353	1.1498	1.1740	1.1658	1.1935	1.0711	1.0698	1.1018	0.9365	0.8689	1.0223	0.9683	0.9388	0.9381	0.8985	0.9333	0.9508	0.9294	0.9758	0.9729	0.9808	1.0061	1.0183	1.0059	1.0123	1.0140	0.9943	0.9944	0.9977	0.9730	0.9842	0.9686	0.9432	0.9362	0.9485	0.9384	0.9620	0.9567	0.9293	0.9264	0.9398	0.9273	0.9259	0.9384	0.9355	0.9461	0.9575	0.9414	0.9642	0.9711	0.9548	0.9586	0.9463	0.9387	0.9531	0.9554	0.9552	0.9679	0.9806	0.9398	0.9780	0.9963	0.9717	1.0051	1.0097	0.9868	1.0026	0.9911	0.9629	0.9564	0.9765	0.9702	0.9689	0.9649	0.9351	0.9295	0.9202	0.9157	0.9324	0.9270	0.9236	0.9343	0.9316	0.8967	0.8960	0.9192	0.9212	0.9430	0.9402	0.9342	0.9597	0.9457	0.9245	0.9492	0.9375	0.9173
CTG	1.0169	1.0114	0.9876	1.0058	1.0033	0.9920	1.0152	1.0038	0.9930	1.0053	0.9987	0.9803	0.9991	0.9943	0.9695	0.9898	0.9879	0.9737	1.0058	0.9998	0.9804	1.0039	0.9943	0.9681	0.9937	0.9821	0.9620	0.9852	0.9781	0.9638	0.9908	0.9977	0.9814	1.0058	1.0056	0.9882	1.0100	0.9995	0.9691	0.9841	0.9770	0.9538	0.9735	0.9690	0.9500	0.9789	0.9759	0.9593	0.9871	0.9786	0.9674	0.9888	0.9872	0.9588	0.9866	0.9789	0.9577	0.9869	0.9747	0.9529	0.9795	0.9732	0.9542	0.9755	0.9726	0.9508	0.9804	0.9736	0.9543	0.9890	0.9957	0.9782	1.0006	0.9915	0.9569	0.9681	0.9465	0.9078	0.9146	0.8893	0.8671	0.8893	0.8984	0.9276	1.0379	1.1075	1.2369	1.3113	1.2996	1.1367	1.1269	1.0953	1.0327	0.9715	0.9203	0.8396	0.8016	0.7636	0.7481	0.8294	0.8555	0.8793	0.9500	0.9693	0.9986	1.0372	1.0668	0.9905	1.0295	1.0361	0.9550	0.8713	0.7889	0.7826	0.8098	0.8155	0.8196	0.8746	0.8840	0.8780	0.9230	0.9253	0.9126	0.9479	0.9470	0.9289	0.9504	0.9506	0.9422	0.9701	0.9704	0.9638	0.9955	0.9904	0.9689	1.0113	1.0091	0.9961	1.0236	1.0164	0.9826	1.0143	1.0130	0.9844	1.0206	1.0190	1.0007	1.0257	1.0119	0.9935	1.0077	0.9994	0.9707	1.0031	0.9965	0.9842	1.0010	0.9854	0.9657	0.9930	0.9872	0.9730	0.9858	0.9741	0.9388	0.9633	0.9618	0.9415	0.9860	0.9783	0.9634	0.9976	0.9930	0.9805	1.0131	0.9999	0.9741	0.9987	0.9883	0.9678	0.9919	0.9853	0.9532	0.9888	0.9747	0.9580	0.9913	0.9953	0.9777	0.9998	0.9913	0.9665	1.0052	1.0012	0.9886	1.0270	1.0277	1.0107
CCT	0.9937	0.9875	0.9815	0.9947	0.9810	0.9758	0.9920	0.9868	0.9841	1.0039	1.0048	0.9844	0.9938	0.9953	0.9735	0.9866	0.9883	0.9703	0.9900	0.9777	0.9555	0.9690	0.9642	0.9496	0.9869	1.0059	0.9960	1.0037	1.0032	0.9831	1.0044	0.9969	0.9851	1.0033	0.9929	0.9991	1.0076	0.9997	0.9851	0.9770	0.9781	0.9442	0.9618	0.9652	0.9514	0.9562	0.9689	0.9477	0.9583	0.9527	0.9526	0.9574	0.9492	0.9371	0.9534	0.9536	0.9291	0.9467	0.9401	0.9316	0.9580	0.9645	0.9574	0.9772	0.9801	0.9686	0.9809	0.9851	0.9739	0.9870	0.9940	0.9768	0.9865	0.9800	0.9440	0.9346	0.8969	0.8581	0.8370	0.8068	0.7769	0.7900	0.8141	0.8506	0.9304	1.0284	1.1676	1.2858	1.1576	1.1488	1.0566	1.0658	1.0589	1.0582	1.0429	1.0566	1.0833	1.0975	1.0983	1.1628	1.2015	1.1985	1.2393	1.2808	1.2981	1.3813	1.4868	1.5251	1.4145	1.5638	1.3535	1.2116	1.2786	1.2052	1.1739	1.1275	1.0757	1.0511	1.0317	0.9942	0.9683	0.9424	0.9153	0.8986	0.8815	0.8703	0.8813	0.8780	0.8652	0.8806	0.8900	0.8795	0.8747	0.8751	0.8617	0.8682	0.8714	0.8572	0.8643	0.8637	0.8479	0.8725	0.8762	0.8667	0.8794	0.8843	0.8637	0.8759	0.8744	0.8748	0.8880	0.9003	0.9021	0.9240	0.9338	0.9066	0.9054	0.9015	0.8789	0.8793	0.8857	0.8745	0.8852	0.8896	0.8697	0.8700	0.8576	0.8491	0.8587	0.8592	0.8461	0.8668	0.8767	0.8708	0.8873	0.8811	0.8614	0.8808	0.8909	0.8722	0.8995	0.8946	0.8778	0.8932	0.8987	0.8819	0.8820	0.8888	0.8681	0.8966	0.8988	0.8853	0.8934	0.8918	0.8861	0.8970	0.9027	0.9021
CCC	0.9779	0.9927	0.9879	1.0161	1.0070	0.9963	1.0182	1.0098	0.9940	1.0256	1.0274	1.0211	1.0415	1.0322	1.0106	1.0334	1.0493	1.0191	1.0266	1.0212	1.0010	1.0175	1.0050	0.9700	0.9874	0.9774	0.9509	0.9699	0.9563	0.9253	0.9467	0.9407	0.9288	0.9419	0.9429	0.9307	0.9548	0.9456	0.9218	0.9514	0.9451	0.9368	0.9631	0.9595	0.9373	0.9442	0.9371	0.9193	0.9389	0.9432	0.9223	0.9427	0.9216	0.9133	0.9508	0.9437	0.9335	0.9661	0.9597	0.9323	0.9416	0.9330	0.9119	0.9350	0.9259	0.9128	0.9342	0.9282	0.9149	0.9347	0.9250	0.8994	0.9184	0.9074	0.8620	0.8704	0.8486	0.7992	0.7846	0.7624	0.7179	0.7257	0.7258	0.7461	0.8589	0.9523	1.1159	1.3128	1.3998	1.1350	1.0926	1.0468	1.0171	1.0394	1.0441	1.0584	1.1165	1.1231	1.1234	1.1564	1.1505	1.1207	1.1513	1.1504	1.1513	1.2224	1.3059	1.3547	1.3645	1.3709	1.1795	1.0216	0.9225	0.9317	0.9419	0.9284	0.8945	0.9138	0.9049	0.9038	0.9396	0.9514	0.9466	0.9718	0.9647	0.9476	0.9572	0.9431	0.9051	0.9198	0.9169	0.8973	0.9024	0.8951	0.8883	0.9062	0.9042	0.8905	0.8836	0.8832	0.8719	0.9032	0.9086	0.8913	0.9368	0.9539	0.9344	0.9569	0.9544	0.9286	0.9387	0.9208	0.9104	0.9273	0.9128	0.8889	0.9078	0.8990	0.8782	0.8908	0.8897	0.8837	0.9149	0.9084	0.8774	0.8945	0.8943	0.8788	0.9232	0.9244	0.9086	0.9424	0.9263	0.9133	0.9562	0.9595	0.9410	0.9676	0.9609	0.9310	0.9446	0.9422	0.9381	0.9559	0.9551	0.9202	0.9344	0.9139	0.8841	0.9148	0.9168	0.8890	0.9232	0.9215	0.9161	0.9274	0.9256	0.9041
CCA	1.0545	1.0428	1.0384	1.0676	1.0751	1.0705	1.0486	1.0359	1.0023	0.9984	0.9952	0.9811	0.9918	0.9877	0.9736	0.9832	0.9852	0.9816	1.0014	0.9826	0.9756	1.0030	1.0134	0.9916	0.9960	0.9975	1.0023	1.0262	1.0103	0.9890	0.9965	0.9959	0.9667	0.9855	0.9938	0.9654	0.9751	0.9793	0.9527	0.9617	0.9606	0.9661	0.9929	0.9897	0.9906	0.9951	0.9914	0.9743	0.9857	0.9795	0.9703	0.9909	0.9957	0.9820	0.9990	0.9932	0.9657	0.9650	0.9637	0.9397	0.9437	0.9533	0.9471	0.9636	0.9682	0.9718	0.9806	0.9958	0.9805	0.9814	0.9864	0.9681	0.9614	0.9647	0.9397	0.9286	0.8990	0.8614	0.8480	0.8279	0.8039	0.8296	0.8481	0.8991	1.0060	1.1090	1.2515	1.3514	0.8728	0.9599	0.9885	0.9744	0.9733	0.9954	1.0206	1.0310	1.0174	1.0219	1.0449	1.0875	1.1440	1.1922	1.2305	1.2645	1.2936	1.3379	1.3851	1.3242	1.2566	1.3546	1.1628	1.0315	1.1924	1.0993	1.0524	1.0461	1.0129	1.0027	1.0022	0.9933	0.9812	0.9731	0.9439	0.9397	0.9262	0.8979	0.8969	0.8992	0.8839	0.9064	0.9172	0.8964	0.9077	0.9258	0.9036	0.9077	0.9288	0.9157	0.9159	0.9098	0.9001	0.9057	0.9074	0.9020	0.9075	0.9090	0.8978	0.9191	0.9117	0.8973	0.9002	0.9111	0.8905	0.8913	0.8913	0.9047	0.9146	0.9239	0.9200	0.9296	0.9295	0.9229	0.9297	0.9297	0.9180	0.9330	0.9346	0.9119	0.9276	0.9192	0.8977	0.9197	0.9259	0.9032	0.9290	0.9380	0.9263	0.9431	0.9377	0.9215	0.9308	0.9307	0.9077	0.9082	0.9206	0.9083	0.9249	0.9271	0.9098	0.9092	0.9066	0.9076	0.9274	0.9405	0.9319	0.9482	0.9577	0.9354
CCG	1.2062	1.1692	1.1335	1.1209	1.0996	1.0772	1.0735	1.0665	1.0561	1.0475	1.0233	1.0058	1.0295	1.0139	1.0020	1.0115	0.9901	0.9779	1.0421	1.0647	1.0356	1.0222	1.1011	1.0379	1.0298	1.0065	0.9783	0.9882	1.0686	1.0446	1.0545	1.1214	1.1075	1.1428	1.1184	1.1079	1.1545	1.1245	1.1208	1.1429	1.1370	1.1208	1.1037	1.0968	1.0553	1.0590	1.0609	0.9993	1.0400	1.0082	0.9669	0.9827	0.9561	0.9194	0.9381	0.9283	0.8914	0.9228	0.9198	0.8904	0.8814	0.8744	0.8580	0.8585	0.8621	0.8628	0.8802	0.8742	0.8330	0.8707	0.8621	0.8463	0.8819	0.8824	0.8508	0.8450	0.8151	0.7819	0.7558	0.7472	0.7279	0.7556	0.7718	0.8039	0.9306	1.0029	1.1494	1.3508	1.2892	1.1020	1.0613	1.0379	1.0035	1.0425	1.0241	1.0279	1.0666	1.0788	1.1067	1.1968	1.2255	1.2257	1.2930	1.3361	1.3950	1.4191	1.4565	1.5165	1.4398	1.4522	1.2676	1.0621	0.9368	0.8845	0.8675	0.8428	0.8297	0.8466	0.8690	0.8603	0.8826	0.9003	0.8812	0.9113	0.8951	0.8533	0.8588	0.8504	0.8466	0.8689	0.8514	0.8609	0.8892	0.8723	0.8686	0.8901	0.8833	0.8782	0.8842	0.8845	0.8674	0.8744	0.8517	0.8686	0.9054	0.9182	0.9101	0.9165	0.9171	0.8934	0.9012	0.8925	0.8758	0.8855	0.8717	0.8507	0.8455	0.8324	0.8050	0.8526	0.8739	0.8896	0.9616	0.9779	0.9629	1.0052	1.0146	0.9688	0.9842	0.9479	0.9017	0.9214	0.9098	0.8793	0.8952	0.8884	0.8890	0.9232	0.9243	0.9215	0.9693	0.9564	0.9431	1.0070	0.9996	0.9970	1.0117	0.9945	0.9935	1.0062	0.9956	0.9665	1.0184	1.0380	1.0397	1.0130	0.9831	0.9498
CAT	1.0553	1.0358	1.0151	1.0060	0.9955	0.9976	1.0131	1.0131	1.0072	1.0196	1.0019	1.0071	1.0283	1.0298	1.0060	1.0171	1.0116	1.0033	1.0036	1.0000	0.9766	1.0060	1.0048	1.0179	1.0391	1.0385	0.9876	0.9917	1.0126	0.9749	0.9901	0.9962	0.9775	0.9974	0.9893	0.9645	0.9777	0.9684	0.9527	0.9663	0.9688	0.9629	0.9666	0.9649	0.9479	0.9784	0.9860	0.9598	0.9766	0.9738	0.9517	0.9453	0.9477	0.9445	0.9849	0.9876	0.9839	1.0012	0.9766	0.9594	0.9805	0.9741	0.9551	0.9479	0.9572	0.9289	0.9550	0.9442	0.9280	0.9561	0.9553	0.9492	0.9716	0.9843	0.9665	0.9745	0.9750	0.9615	0.9649	0.9684	0.9500	0.9843	1.0018	1.0164	1.0383	1.0546	1.0841	0.6726	0.7439	0.8291	0.8822	0.9364	0.9442	0.9231	0.9162	0.8882	0.9104	0.9297	0.9595	1.0429	1.0680	1.0639	1.0894	1.1066	1.1237	1.1255	1.1266	1.0346	0.9955	1.1771	1.0304	1.2758	1.3051	1.2110	1.1880	1.1071	1.0515	1.0522	1.0342	1.0149	1.0186	1.0140	0.9956	0.9885	0.9827	0.9595	0.9860	0.9998	0.9820	1.0080	1.0123	1.0033	1.0070	1.0035	0.9822	0.9743	0.9770	0.9569	0.9567	0.9664	0.9515	0.9578	0.9390	0.9133	0.9357	0.9300	0.9283	0.9398	0.9333	0.9361	0.9584	0.9585	0.9380	0.9626	0.9532	0.9250	0.9469	0.9499	0.9298	0.9640	0.9790	0.9631	0.9773	0.9707	0.9311	0.9432	0.9473	0.9336	0.9288	0.9442	0.9240	0.9447	0.9617	0.9389	0.9549	0.9310	0.8998	0.9286	0.9300	0.9177	0.9402	0.9428	0.9423	0.9643	0.9679	0.9656	0.9619	0.9653	0.9457	0.9572	0.9822	0.9583	1.0014	0.9941	0.9715	0.9584	0.9555	0.9308
CAC	1.0153	1.0454	1.0302	1.0674	1.0693	1.0614	1.0729	1.0662	1.0507	1.0760	1.0675	1.0370	1.0590	1.0509	1.0290	1.0416	1.0439	1.0189	1.0268	1.0146	0.9942	0.9920	0.9819	0.9580	0.9899	0.9730	0.9528	0.9763	0.9659	0.9508	0.9667	0.9534	0.9308	0.9471	0.9411	0.9186	0.9570	0.9598	0.9290	0.9628	0.9617	0.9463	0.9639	0.9611	0.9309	0.9630	0.9574	0.9429	0.9714	0.9600	0.9361	0.9597	0.9645	0.9488	0.9806	0.9708	0.9582	0.9816	0.9646	0.9407	0.9593	0.9503	0.9352	0.9630	0.9628	0.9544	0.9817	0.9812	0.9549	0.9688	0.9604	0.9342	0.9599	0.9685	0.9466	0.9603	0.9534	0.9177	0.9336	0.9204	0.9119	0.9468	0.9322	0.9350	1.0051	1.0448	1.1288	0.9887	1.0641	1.0035	1.0285	1.0121	0.9570	0.9638	0.9722	0.9298	1.0063	0.9982	0.9840	1.0034	0.9851	0.9628	1.0101	1.0239	1.0374	1.0669	1.0885	1.0136	1.0709	1.0555	0.9057	1.3135	1.2082	1.1596	1.1696	1.1381	1.0889	1.0940	1.0708	1.0237	1.0323	1.0108	0.9816	0.9837	0.9628	0.9364	0.9773	0.9699	0.9516	0.9880	0.9886	0.9784	1.0057	0.9927	0.9408	0.9667	0.9496	0.9113	0.9391	0.9426	0.9162	0.9234	0.9168	0.8972	0.9376	0.9405	0.9400	0.9788	0.9785	0.9575	0.9891	0.9681	0.9526	0.9670	0.9572	0.9382	0.9587	0.9425	0.9234	0.9440	0.9372	0.9177	0.9530	0.9490	0.9286	0.9557	0.9469	0.9243	0.9463	0.9343	0.9110	0.9352	0.9417	0.9158	0.9405	0.9354	0.9176	0.9295	0.9257	0.9162	0.9347	0.9278	0.9067	0.9364	0.9346	0.9265	0.9676	0.9595	0.9343	0.9459	0.9517	0.9528	0.9941	0.9978	0.9786	1.0044	0.9915	0.9931
CAA	1.0086	1.0249	1.0127	1.0230	1.0176	0.9986	0.9805	0.9998	0.9970	1.0121	1.0159	1.0036	1.0158	1.0222	0.9980	0.9868	0.9876	0.9708	0.9780	0.9969	0.9803	0.9922	0.9850	0.9830	0.9750	0.9762	0.9597	0.9785	0.9839	0.9690	0.9824	0.9790	0.9724	0.9884	1.0040	0.9902	0.9839	0.9882	0.9845	0.9789	0.9737	0.9784	0.9760	0.9951	0.9891	1.0020	0.9830	0.9729	0.9642	0.9679	0.9556	0.9678	0.9912	0.9628	0.9656	0.9727	0.9508	0.9493	0.9588	0.9400	0.9512	0.9718	0.9677	0.9868	0.9917	0.9677	0.9588	0.9479	0.9352	0.9305	0.9272	0.9087	0.9062	0.9157	0.9039	0.9208	0.9384	0.9397	0.9291	0.9412	0.9666	1.0045	1.0290	1.0632	1.1049	1.1214	1.1749	0.5685	0.5985	0.7068	0.7862	0.8061	0.8123	0.8102	0.8156	0.8085	0.8630	0.9592	1.0118	1.0792	1.1362	1.1282	1.1252	1.1102	1.0680	1.0200	0.9728	0.8846	0.8084	0.9342	0.8167	0.7814	0.8687	0.7927	0.8046	0.8287	0.8224	0.8569	0.8942	0.9078	0.9363	0.9642	0.9767	0.9947	0.9655	0.9533	0.9680	0.9785	0.9810	1.0048	1.0201	0.9975	0.9857	0.9783	0.9407	0.9448	0.9398	0.9551	0.9702	0.9891	0.9937	1.0021	0.9995	0.9885	0.9893	0.9833	0.9519	0.9655	0.9848	0.9661	0.9629	0.9561	0.9532	0.9689	0.9795	0.9732	0.9924	0.9988	0.9818	0.9852	0.9833	0.9528	0.9588	0.9703	0.9539	0.9579	0.9554	0.9389	0.9591	0.9549	0.9671	0.9807	0.9886	0.9797	0.9647	0.9812	0.9796	0.9862	0.9900	0.9610	0.9549	0.9629	0.9422	0.9679	0.9512	0.9306	0.9431	0.9521	0.9318	0.9374	0.9412	0.9334	0.9401	0.9589	0.9612	0.9609	0.9847	0.9771
CAG	1.0168	1.0161	1.0055	1.0161	1.0320	1.0031	1.0198	1.0231	1.0028	1.0189	1.0182	1.0030	1.0248	1.0307	1.0135	1.0201	1.0193	0.9987	1.0125	1.0177	0.9996	1.0108	1.0021	0.9839	1.0022	1.0006	0.9733	0.9793	0.9751	0.9495	0.9655	0.9627	0.9495	0.9640	0.9794	0.9600	0.9800	1.0004	0.9840	1.0072	1.0178	0.9975	1.0077	1.0099	0.9824	0.9961	1.0058	0.9820	1.0074	1.0214	0.9992	1.0215	1.0173	1.0010	1.0204	1.0135	0.9972	1.0062	0.9999	0.9864	1.0026	1.0018	0.9908	1.0116	1.0099	0.9752	0.9810	0.9753	0.9482	0.9608	0.9508	0.9339	0.9590	0.9640	0.9400	0.9484	0.9400	0.9198	0.9205	0.9092	0.8918	0.9040	0.9156	0.9408	1.0333	1.0925	1.2053	0.9670	1.0583	1.0284	1.0005	0.9870	0.9565	0.9649	0.9700	0.9220	1.0242	1.0931	1.1626	1.2266	1.2318	1.2023	1.1694	1.1349	1.0925	1.0285	0.9770	0.8848	0.8276	0.8456	0.7518	0.6829	0.6225	0.6385	0.6685	0.6975	0.7231	0.7798	0.8119	0.8407	0.8836	0.8977	0.9017	0.9313	0.9391	0.9218	0.9464	0.9554	0.9443	0.9637	0.9603	0.9443	0.9596	0.9600	0.9380	0.9555	0.9517	0.9393	0.9540	0.9577	0.9491	0.9710	0.9683	0.9537	0.9715	0.9662	0.9443	0.9615	0.9549	0.9431	0.9603	0.9613	0.9488	0.9652	0.9669	0.9477	0.9632	0.9587	0.9436	0.9629	0.9664	0.9523	0.9675	0.9586	0.9414	0.9520	0.9562	0.9475	0.9626	0.9530	0.9353	0.9504	0.9535	0.9408	0.9570	0.9460	0.9260	0.9448	0.9464	0.9319	0.9576	0.9546	0.9345	0.9510	0.9374	0.9224	0.9421	0.9390	0.9280	0.9429	0.9450	0.9377	0.9535	0.9549	0.9431	0.9732	0.9783	0.9584
CGT	0.9814	1.0026	1.0211	1.0712	1.0955	1.0867	1.1163	1.0922	1.0444	1.0257	1.0140	0.9707	0.9849	0.9781	0.9604	1.0026	1.0189	0.9897	1.0079	1.0022	0.9995	1.0402	1.0406	1.0183	1.0091	0.9985	0.9759	0.9834	0.9844	0.9638	0.9687	0.9682	0.9565	0.9645	0.9587	0.9511	0.9563	0.9595	0.9371	0.9513	0.9531	0.9490	0.9640	0.9672	0.9756	0.9962	0.9884	0.9793	0.9955	1.0176	1.0148	1.0159	0.9677	0.9491	0.9400	0.9490	0.9423	0.9862	0.9944	0.9861	0.9813	0.9847	0.9597	0.9783	0.9627	0.9460	0.9708	0.9811	0.9802	1.0153	1.0058	0.9990	1.0200	1.0311	1.0188	1.0417	1.0170	0.9967	1.0034	0.9994	0.9782	1.0097	1.0284	1.0899	1.2129	1.3255	1.4514	1.3935	1.0785	1.1012	1.1401	1.1376	1.1239	1.1443	1.1480	1.1507	1.1348	1.1431	1.1144	1.0807	1.0520	1.0118	1.0118	1.0366	0.9957	1.0121	1.0675	1.0067	0.9821	1.2441	1.0793	1.0398	1.1669	1.0867	1.1035	1.1028	1.0599	1.0539	1.0580	1.0348	1.0147	0.9957	0.9417	0.9621	0.9916	0.9744	0.9892	0.9732	0.9560	0.9862	0.9929	0.9655	0.9796	0.9910	0.9743	0.9934	1.0108	0.9727	0.9931	1.0024	0.9836	0.9975	0.9914	0.9535	0.9370	0.9277	0.8995	0.9024	0.9201	0.9026	0.9111	0.9252	0.9019	0.9227	0.9464	0.9311	0.9664	0.9697	0.9724	1.0012	0.9954	0.9878	0.9826	0.9522	0.9176	0.9076	0.9071	0.9120	0.9258	0.9501	0.9465	0.9835	0.9852	0.9710	0.9692	0.9674	0.9441	0.9704	0.9592	0.9636	0.9812	0.9526	0.9337	0.9559	0.9670	0.9304	0.9272	0.9333	0.9424	0.9730	0.9638	0.9457	0.9759	0.9906	0.9561	0.9517	0.9358	0.8870
CGC	0.9755	0.9834	0.9864	1.0159	1.0089	0.9994	1.0283	1.0236	0.9920	1.0013	0.9847	0.9549	0.9982	0.9917	0.9580	1.0051	1.0153	1.0058	1.0259	1.0139	0.9835	1.0109	1.0033	0.9670	0.9798	0.9654	0.9367	0.9538	0.9585	0.9344	0.9565	0.9437	0.9219	0.9484	0.9595	0.9375	0.9524	0.9598	0.9500	0.9628	0.9576	0.9503	0.9720	0.9661	0.9439	0.9812	0.9739	0.9476	0.9624	0.9640	0.9412	0.9840	0.9928	0.9667	0.9842	0.9918	0.9549	0.9785	0.9774	0.9410	0.9654	0.9450	0.9169	0.9276	0.9110	0.8832	0.9121	0.9051	0.8987	0.9564	0.9564	0.9347	0.9815	0.9789	0.9585	0.9578	0.9446	0.8838	0.8683	0.8415	0.8077	0.8720	0.8867	0.9322	1.0721	1.1589	1.3147	1.4436	1.3884	1.1419	1.1336	1.1047	1.0702	1.1080	1.1088	1.0924	1.1168	1.0987	1.0561	1.0203	0.9943	0.9527	1.0106	1.0232	0.9906	1.0488	1.1437	1.0687	1.1032	1.2238	1.0591	0.9154	0.8505	0.8451	0.8752	0.8545	0.8441	0.8847	0.8824	0.8795	0.9333	0.9513	0.9228	0.9512	0.9600	0.9371	0.9755	0.9575	0.9235	0.9409	0.9410	0.9233	0.9567	0.9524	0.9363	0.9882	0.9843	0.9632	0.9827	0.9828	0.9575	0.9817	0.9824	0.9599	0.9868	0.9774	0.9345	0.9631	0.9432	0.9067	0.9220	0.9344	0.9022	0.9482	0.9510	0.9322	0.9623	0.9708	0.9583	0.9889	0.9920	0.9721	0.9915	0.9707	0.9358	0.9512	0.9481	0.9286	0.9691	0.9586	0.9275	0.9672	0.9584	0.9265	0.9563	0.9490	0.9009	0.9296	0.9392	0.9361	0.9699	0.9571	0.9297	0.9485	0.9388	0.9171	0.9335	0.9189	0.8918	0.9274	0.9300	0.9187	0.9511	0.9462	0.9231	0.9506	0.9503	0.9173
CGA	1.0413	1.0458	1.0437	1.0581	1.0514	1.0317	1.0528	1.0419	1.0270	1.0265	1.0292	1.0110	1.0357	1.0321	1.0020	0.9930	0.9904	0.9809	1.0038	1.0277	1.0011	1.0125	1.0256	1.0094	1.0341	1.0197	1.0052	0.9927	0.9646	0.9366	0.9336	0.9438	0.9258	0.9520	0.9836	0.9688	0.9928	0.9919	0.9747	0.9984	1.0152	0.9986	0.9787	0.9836	0.9675	0.9838	0.9934	0.9763	0.9775	0.9619	0.9335	0.9569	0.9713	0.9408	0.9618	0.9533	0.9435	0.9858	0.9907	0.9551	0.9702	0.9721	0.9634	0.9806	0.9970	0.9593	0.9781	0.9974	0.9857	0.9997	1.0026	0.9781	0.9770	0.9781	0.9504	0.9515	0.9609	0.9502	0.9594	0.9766	0.9900	1.0378	1.0986	1.1833	1.3309	1.4614	1.5803	1.4182	0.8393	0.9110	0.9830	1.0011	1.0362	1.2016	1.3664	1.4597	1.5390	1.6312	1.6870	1.6896	1.6790	1.5979	1.5473	1.5117	1.3828	1.2877	1.3003	1.1503	1.0872	1.3099	1.0966	0.9886	1.1319	1.0304	1.0239	1.0124	0.9758	0.9620	0.9457	0.9132	0.9083	0.9247	0.9271	0.9537	0.9215	0.8823	0.8849	0.9062	0.8796	0.8702	0.8772	0.8355	0.8316	0.8359	0.8160	0.8490	0.8638	0.8803	0.9038	0.9218	0.8944	0.9272	0.9474	0.9392	0.9464	0.9589	0.9302	0.9403	0.9567	0.9252	0.9166	0.9114	0.8862	0.9128	0.9148	0.9155	0.9257	0.9222	0.8941	0.9164	0.9242	0.9109	0.9334	0.9294	0.8999	0.9140	0.9138	0.9045	0.9213	0.9205	0.8950	0.8996	0.8841	0.8605	0.8813	0.8994	0.8774	0.9068	0.9055	0.8933	0.9121	0.9154	0.9098	0.9309	0.9412	0.9189	0.9298	0.9230	0.9014	0.9103	0.9147	0.8964	0.9030	0.8941	0.8899	0.9328	0.9173	0.8905
CGG	1.0055	1.0000	0.9947	1.0178	1.0142	1.0088	1.0282	1.0335	1.0083	1.0325	1.0689	1.0535	1.0800	1.0811	1.0509	1.0827	1.0854	1.0504	1.0452	1.0435	1.0109	1.0150	0.9854	0.9429	0.9540	0.9487	0.9263	0.9464	0.9557	0.9382	0.9572	0.9713	0.9348	0.9747	0.9847	0.9577	0.9851	0.9873	0.9750	0.9803	0.9823	0.9690	1.0037	0.9983	1.0038	0.9993	0.9893	0.9646	0.9778	0.9668	0.9396	0.9816	0.9798	0.9544	0.9858	0.9814	0.9595	0.9692	0.9585	0.9391	0.9516	0.9419	0.9259	0.9411	0.9403	0.9296	0.9571	0.9467	0.9167	0.9439	0.9429	0.9092	0.9418	0.9496	0.9233	0.9380	0.9274	0.8616	0.8135	0.7986	0.7537	0.7691	0.7873	0.8113	0.9113	1.0332	1.1934	1.3289	1.2665	1.1393	1.0853	1.0644	1.0385	1.0626	1.1022	1.1189	1.2144	1.2877	1.3347	1.3839	1.3520	1.2875	1.2716	1.2419	1.1758	1.1164	1.1371	1.0480	1.0534	1.1994	1.0216	0.8632	0.7834	0.7520	0.7453	0.7486	0.7347	0.7747	0.8074	0.8316	0.8815	0.9009	0.9002	0.9532	0.9622	0.9489	0.9660	0.9649	0.9562	0.9710	0.9439	0.9045	0.9347	0.9371	0.9258	0.9542	0.9460	0.9264	0.9450	0.9418	0.9272	0.9606	0.9461	0.9270	0.9558	0.9671	0.9384	0.9418	0.9497	0.9254	0.9466	0.9667	0.9475	0.9761	0.9854	0.9562	0.9718	0.9771	0.9557	0.9755	0.9752	0.9382	0.9619	0.9528	0.9373	0.9550	0.9402	0.9030	0.9389	0.9368	0.9075	0.9327	0.9219	0.8976	0.9275	0.9252	0.9024	0.9359	0.9406	0.9210	0.9861	0.9867	0.9517	0.9818	0.9777	0.9438	0.9670	0.9655	0.9512	0.9757	0.9686	0.9218	0.9334	0.9475	0.9330	0.9818	0.9780	0.9546
ATT	1.0096	1.0040	0.9887	1.0034	0.9807	0.9748	0.9867	0.9868	0.9784	0.9875	0.9807	0.9729	1.0106	1.0079	0.9960	1.0239	1.0311	1.0026	1.0116	1.0009	0.9747	0.9829	0.9814	0.9765	0.9905	0.9890	0.9763	0.9951	0.9906	0.9611	0.9806	0.9754	0.9616	0.9779	0.9775	0.9625	0.9788	0.9704	0.9659	0.9984	0.9893	0.9812	1.0062	1.0090	0.9803	1.0007	0.9942	0.9634	0.9806	0.9782	0.9553	0.9880	0.9892	0.9698	0.9830	0.9775	0.9622	0.9683	0.9719	0.9470	0.9561	0.9674	0.9449	0.9602	0.9596	0.9544	0.9670	0.9605	0.9407	0.9661	0.9706	0.9657	0.9913	0.9877	0.9862	1.0161	1.0327	1.0407	1.0779	1.1095	1.1115	1.1112	1.0741	0.9922	0.8732	0.7585	0.5205	0.6405	0.7474	0.8714	0.9551	0.9886	1.0151	1.0644	1.0638	1.0288	0.9705	0.8793	0.7974	0.7688	0.7460	0.7284	0.7681	0.7894	0.7926	0.8754	0.9042	0.9046	0.9576	0.9319	1.2901	1.3884	1.3870	1.3068	1.2788	1.2414	1.1686	1.1275	1.0757	1.0207	1.0110	0.9890	0.9799	0.9830	0.9722	0.9423	0.9505	0.9551	0.9361	0.9532	0.9570	0.9457	0.9554	0.9507	0.9395	0.9469	0.9541	0.9494	0.9570	0.9506	0.9327	0.9426	0.9362	0.9203	0.9191	0.9222	0.9127	0.9256	0.9259	0.9152	0.9344	0.9371	0.9243	0.9448	0.9472	0.9353	0.9568	0.9513	0.9368	0.9661	0.9568	0.9487	0.9584	0.9568	0.9447	0.9494	0.9502	0.9362	0.9535	0.9580	0.9461	0.9599	0.9508	0.9428	0.9439	0.9440	0.9209	0.9304	0.9296	0.9098	0.9304	0.9210	0.8912	0.8981	0.9004	0.8952	0.9189	0.9229	0.9118	0.9242	0.9253	0.9119	0.9301	0.9370	0.9325	0.9581	0.9591	0.9437
ATC	0.9952	0.9904	0.9763	0.9987	0.9895	0.9684	0.9895	0.9738	0.9625	0.9869	0.9831	0.9601	0.9823	0.9647	0.9434	0.9741	0.9628	0.9473	0.9805	0.9828	0.9584	0.9932	0.9899	0.9796	1.0143	1.0053	0.9737	0.9992	0.9926	0.9831	1.0055	0.9995	0.9781	0.9934	0.9895	0.9659	0.9885	0.9783	0.9634	0.9830	0.9805	0.9671	1.0036	0.9921	0.9761	1.0095	1.0122	0.9922	1.0116	1.0071	0.9747	1.0123	0.9898	0.9480	0.9709	0.9595	0.9266	0.9478	0.9329	0.9098	0.9357	0.9238	0.9000	0.9363	0.9320	0.9154	0.9566	0.9586	0.9470	0.9902	0.9860	0.9617	0.9947	0.9926	0.9807	1.0347	1.0327	1.0329	1.0896	1.0746	1.0562	1.0814	1.0498	0.9911	0.9320	0.8849	0.6953	0.8403	0.9288	0.8987	0.9834	0.9965	1.0207	1.1013	1.0981	1.0628	1.0394	0.9630	0.8855	0.8392	0.8028	0.7736	0.7905	0.7872	0.7795	0.8330	0.8332	0.8426	0.9318	0.9071	1.2362	1.4382	1.3769	1.3803	1.3882	1.3395	1.2456	1.2221	1.1727	1.0826	1.0691	1.0302	0.9860	0.9972	0.9811	0.9616	0.9877	0.9701	0.9364	0.9626	0.9556	0.9329	0.9731	0.9609	0.9456	0.9815	0.9794	0.9667	0.9982	0.9785	0.9572	0.9784	0.9535	0.9323	0.9715	0.9683	0.9500	0.9745	0.9686	0.9453	0.9692	0.9527	0.9312	0.9758	0.9763	0.9527	0.9802	0.9634	0.9494	0.9737	0.9576	0.9339	0.9666	0.9693	0.9462	0.9789	0.9690	0.9487	0.9765	0.9676	0.9575	0.9955	0.9869	0.9635	0.9828	0.9792	0.9713	1.0069	1.0034	0.9771	0.9975	0.9830	0.9549	0.9720	0.9654	0.9358	0.9559	0.9521	0.9295	0.9436	0.9302	0.9238	0.9577	0.9574	0.9416	0.9725	0.9702	0.9588
ATA	1.0235	1.0266	1.0014	1.0027	0.9839	0.9838	0.9904	0.9988	0.9886	1.0133	1.0007	0.9687	0.9903	0.9850	0.9724	1.0102	1.0105	1.0094	0.9987	1.0077	0.9931	1.0167	1.0121	0.9891	1.0107	0.9867	0.9915	1.0046	1.0130	0.9850	0.9743	0.9643	0.9319	0.9657	0.9691	0.9618	1.0099	1.0114	0.9937	0.9949	0.9939	0.9676	0.9845	0.9980	0.9883	1.0100	0.9968	0.9790	0.9903	0.9979	0.9772	0.9625	0.9514	0.9409	0.9279	0.9158	0.8986	0.9094	0.9163	0.9006	0.9144	0.9272	0.9448	0.9780	0.9647	0.9705	0.9983	1.0016	0.9871	1.0007	0.9866	0.9816	0.9620	0.9653	0.9569	0.9900	0.9931	1.0061	1.0474	1.0767	1.0814	1.0959	1.0590	0.9866	0.8402	0.7188	0.4482	0.5622	0.5633	0.7037	0.8090	0.8473	0.8676	0.9187	0.9825	1.0194	1.0164	0.9719	0.9483	0.9274	0.9297	0.9100	0.8991	0.9024	0.8579	0.8350	0.8295	0.8015	0.8215	0.7969	1.0868	1.0792	1.2067	1.1631	1.1114	1.0882	1.0250	1.0181	0.9976	0.9670	0.9665	0.9590	0.9611	0.9652	0.9520	0.9445	0.9393	0.9645	0.9406	0.9361	0.9361	0.9051	0.9136	0.9286	0.9157	0.9270	0.9648	0.9515	0.9589	0.9742	0.9759	0.9639	0.9446	0.9272	0.9233	0.9259	0.8954	0.9325	0.9322	0.9117	0.9381	0.9331	0.9268	0.9194	0.9134	0.8935	0.9076	0.9179	0.8998	0.9108	0.9310	0.9252	0.9456	0.9506	0.9398	0.9592	0.9534	0.9465	0.9456	0.9356	0.9365	0.9442	0.9349	0.9137	0.9164	0.9133	0.9081	0.9212	0.9087	0.9071	0.9079	0.9110	0.9252	0.9388	0.9237	0.9207	0.9246	0.9411	0.9266	0.9277	0.9084	0.8959	0.9469	0.9579	0.9527	0.9800	0.9978	0.9563
ATG	1.0591	1.0484	1.0363	1.0496	1.0446	1.0225	1.0362	1.0304	1.0024	1.0126	1.0062	0.9937	1.0188	1.0100	1.0069	1.0333	1.0407	1.0061	1.0226	1.0141	0.9904	1.0113	1.0164	0.9903	1.0090	0.9962	0.9612	0.9771	0.9680	0.9485	0.9700	0.9744	0.9612	0.9898	0.9862	0.9656	0.9932	0.9930	0.9745	1.0025	0.9854	0.9604	0.9849	0.9873	0.9865	1.0036	0.9939	0.9802	1.0020	0.9867	0.9573	0.9688	0.9555	0.9417	0.9675	0.9818	0.9588	0.9793	0.9817	0.9611	0.9868	0.9898	0.9653	0.9777	0.9765	0.9609	0.9820	0.9739	0.9534	0.9621	0.9596	0.9440	0.9500	0.9691	0.9625	0.9963	1.0044	1.0086	1.0574	1.0637	1.0552	1.0832	1.0518	0.9788	0.9178	0.8498	0.6793	0.8189	0.8902	0.8680	0.9098	0.9097	0.8727	0.8341	0.7874	0.7397	0.7360	0.7102	0.7000	0.7253	0.7285	0.7207	0.7402	0.7575	0.7550	0.7857	0.7646	0.7572	0.7740	0.7599	1.2109	1.1232	1.0398	1.0336	1.0159	1.0002	0.9559	0.9402	0.9273	0.9082	0.9241	0.9144	0.8977	0.9269	0.9255	0.9143	0.9314	0.9343	0.9265	0.9631	0.9573	0.9405	0.9728	0.9703	0.9497	0.9566	0.9360	0.9211	0.9373	0.9341	0.9237	0.9438	0.9335	0.9269	0.9508	0.9382	0.9300	0.9503	0.9467	0.9392	0.9496	0.9381	0.9267	0.9456	0.9430	0.9371	0.9455	0.9495	0.9341	0.9512	0.9507	0.9266	0.9474	0.9505	0.9366	0.9464	0.9434	0.9358	0.9616	0.9688	0.9422	0.9520	0.9509	0.9193	0.9352	0.9456	0.9268	0.9483	0.9371	0.9329	0.9462	0.9453	0.9309	0.9557	0.9513	0.9239	0.9320	0.9282	0.9184	0.9374	0.9392	0.9345	0.9526	0.9609	0.9495	0.9530	0.9466	0.9321
ACT	0.9964	0.9989	1.0069	1.0296	1.0351	1.0236	1.0469	1.0408	1.0331	1.0543	1.0424	1.0364	1.0357	1.0179	1.0060	1.0020	0.9927	0.9621	0.9655	0.9543	0.9363	0.9493	0.9289	0.9137	0.9258	0.9392	0.9306	0.9699	0.9737	0.9597	0.9679	0.9557	0.9342	0.9509	0.9436	0.9241	0.9338	0.9340	0.9341	0.9440	0.9479	0.9348	0.9455	0.9379	0.9317	0.9361	0.9259	0.9005	0.9084	0.9050	0.8972	0.9219	0.9249	0.9195	0.9387	0.9427	0.9600	0.9874	0.9951	0.9744	0.9898	0.9708	0.9370	0.9692	0.9587	0.9453	0.9562	0.9471	0.9299	0.9456	0.9254	0.9137	0.9395	0.9350	0.9372	0.9566	0.9774	0.9703	0.9984	1.0020	0.9870	0.9933	0.9651	0.9221	0.9124	0.8928	0.8501	1.0271	1.0366	1.0863	1.0987	1.1672	1.2708	1.5824	1.7551	1.8879	1.8351	1.6951	1.5098	1.3732	1.2540	1.1244	1.0326	0.9793	0.9300	0.9494	0.9315	0.9846	0.8897	0.8656	1.1463	1.0309	1.0372	0.9909	0.9979	0.9836	0.9601	0.9605	0.9560	0.9397	0.9307	0.9335	0.9345	0.9395	0.9520	0.9368	0.9450	0.9386	0.9197	0.9311	0.9282	0.9164	0.9348	0.9310	0.9304	0.9512	0.9354	0.9305	0.9456	0.9469	0.9228	0.9401	0.9437	0.9180	0.9335	0.9421	0.9246	0.9445	0.9427	0.9302	0.9377	0.9520	0.9440	0.9377	0.9414	0.9206	0.9198	0.9214	0.9185	0.9475	0.9450	0.9424	0.9596	0.9675	0.9292	0.9503	0.9550	0.9330	0.9335	0.9282	0.9240	0.9335	0.9339	0.9259	0.9452	0.9632	0.9671	0.9789	0.9649	0.9474	0.9645	0.9551	0.9453	0.9377	0.9325	0.9185	0.9353	0.9346	0.9135	0.9171	0.9067	0.9071	0.9296	0.9362	0.9339	0.9610	0.9583	0.9617
ACC	0.9669	0.9594	0.9525	0.9823	0.9763	0.9715	1.0061	0.9895	0.9822	1.0060	0.9902	0.9675	0.9883	0.9625	0.9432	0.9680	0.9708	0.9590	0.9813	0.9856	0.9669	0.9891	0.9793	0.9460	0.9713	0.9747	0.9720	0.9898	0.9885	0.9768	1.0101	0.9853	0.9602	0.9738	0.9649	0.9383	0.9666	0.9586	0.9271	0.9513	0.9420	0.9127	0.9305	0.9295	0.9176	0.9634	0.9659	0.9603	0.9910	0.9827	0.9623	0.9840	0.9867	0.9836	1.0220	1.0115	0.9650	0.9940	0.9884	0.9663	0.9863	0.9587	0.9351	0.9539	0.9431	0.9405	0.9660	0.9615	0.9414	0.9740	0.9765	0.9682	1.0015	0.9952	0.9666	0.9814	0.9693	0.9343	0.9540	0.9326	0.8999	0.9014	0.8812	0.8549	0.8935	0.9216	0.9519	1.1520	1.2178	1.0658	1.1218	1.1586	1.3029	1.7287	1.9162	2.0611	2.0508	1.9125	1.6972	1.5211	1.3938	1.2298	1.1192	1.0549	0.9823	0.9734	0.9328	0.9488	0.9388	0.8776	1.2721	1.1354	1.0609	1.0730	1.0890	1.0406	0.9934	0.9875	0.9678	0.9287	0.9414	0.9380	0.9262	0.9372	0.9110	0.9045	0.9367	0.9390	0.9136	0.9435	0.9296	0.9071	0.9308	0.9278	0.9109	0.9301	0.9279	0.9328	0.9604	0.9607	0.9437	0.9648	0.9701	0.9638	0.9773	0.9718	0.9580	0.9900	0.9787	0.9524	0.9848	0.9757	0.9542	0.9837	0.9743	0.9390	0.9518	0.9433	0.9169	0.9413	0.9280	0.9157	0.9278	0.9258	0.9011	0.9313	0.9346	0.9247	0.9518	0.9615	0.9342	0.9550	0.9497	0.9395	0.9533	0.9432	0.9071	0.9359	0.9275	0.9028	0.9192	0.9206	0.9217	0.9512	0.9449	0.9270	0.9721	0.9682	0.9586	0.9750	0.9668	0.9512	0.9683	0.9743	0.9590	0.9764	0.9794	0.9538
ACA	1.0238	1.0268	1.0029	1.0082	1.0083	0.9933	1.0069	1.0035	0.9893	1.0046	1.0061	0.9956	1.0152	1.0046	1.0079	1.0085	0.9965	0.9784	0.9746	0.9780	0.9634	0.9776	0.9622	0.9501	0.9676	0.9662	0.9781	0.9911	0.9954	0.9859	1.0244	1.0228	1.0003	1.0127	1.0000	0.9646	0.9633	0.9492	0.9299	0.9494	0.9476	0.9326	0.9618	0.9589	0.9516	0.9536	0.9705	0.9512	0.9748	0.9661	0.9436	0.9649	0.9750	0.9688	0.9876	0.9837	0.9724	1.0098	1.0031	0.9821	0.9864	0.9689	0.9455	0.9484	0.9425	0.9260	0.9339	0.9413	0.9235	0.9368	0.9345	0.9357	0.9615	0.9568	0.9414	0.9526	0.9740	0.9671	0.9978	0.9914	0.9811	0.9908	0.9706	0.9449	0.9307	0.8900	0.8025	0.9718	0.7733	0.9072	0.9984	1.0789	1.3155	1.9172	2.3167	2.6095	2.5376	2.3546	2.1146	1.8300	1.6383	1.4227	1.2356	1.0923	0.9705	0.9094	0.8390	0.8211	0.7451	0.7210	1.1640	1.0752	1.1615	1.1116	1.0664	1.0515	0.9920	0.9598	0.9334	0.9078	0.9190	0.9158	0.9092	0.9196	0.9326	0.9299	0.9465	0.9399	0.9210	0.9454	0.9351	0.9156	0.9356	0.9452	0.9431	0.9517	0.9602	0.9534	0.9606	0.9656	0.9398	0.9457	0.9370	0.9135	0.9398	0.9347	0.9013	0.9271	0.9232	0.9162	0.9394	0.9379	0.9338	0.9558	0.9538	0.9422	0.9538	0.9406	0.9307	0.9417	0.9376	0.9312	0.9434	0.9293	0.9158	0.9354	0.9383	0.9242	0.9552	0.9495	0.9399	0.9480	0.9321	0.9133	0.9263	0.9157	0.8982	0.9083	0.9127	0.8992	0.9114	0.9204	0.9111	0.9250	0.9244	0.9088	0.9190	0.9047	0.8957	0.9140	0.9175	0.9029	0.9058	0.9093	0.9061	0.9261	0.9192	0.9157
ACG	1.0393	1.0128	0.9922	1.0272	1.0059	0.9957	1.0239	1.0110	1.0009	1.0382	1.0295	1.0075	1.0612	1.0534	1.0141	1.0346	1.0158	0.9782	1.0106	0.9980	0.9922	1.0247	1.0003	0.9683	0.9836	0.9695	0.9426	0.9621	0.9533	0.9438	0.9794	0.9603	0.9480	0.9995	0.9752	0.9593	0.9947	1.0120	0.9950	1.0357	1.0254	0.9875	1.0096	1.0006	0.9536	0.9460	0.9382	0.8749	0.8866	0.8914	0.8805	0.9147	0.9154	0.8961	0.9250	0.9277	0.9159	0.9262	0.9139	0.8821	0.9158	0.9268	0.9094	0.9326	0.9352	0.9338	0.9604	0.9642	0.9454	0.9784	0.9825	0.9381	0.9489	0.9328	0.9157	1.0011	1.0191	0.9959	1.0151	1.0084	0.9934	1.0023	1.0056	0.9971	1.0202	1.0461	1.0507	1.2838	1.3043	1.2006	1.2264	1.2963	1.5552	2.2853	2.5625	2.8229	2.7420	2.5651	2.2378	1.9860	1.7526	1.4372	1.2400	1.1367	1.0235	0.9525	0.8915	0.9125	0.8398	0.7985	1.4511	1.2972	1.2084	1.1492	1.1097	1.0875	1.0210	0.9980	0.9684	0.9108	0.9282	0.9087	0.9054	0.9070	0.8960	0.8808	0.9207	0.9221	0.9276	0.9754	0.9849	0.9579	0.9946	1.0008	0.9931	1.0194	1.0117	0.9745	0.9757	0.9363	0.9114	0.9321	0.9173	0.8927	0.9462	0.9534	0.9310	0.9874	0.9880	0.9758	1.0294	0.9988	0.9856	0.9750	0.9578	0.9088	0.9161	0.9116	0.8969	0.9177	0.9225	0.9278	0.9480	0.9407	0.9069	0.9130	0.8996	0.8855	0.9158	0.9302	0.9297	0.9446	0.9519	0.9260	0.9428	0.9470	0.9071	0.9328	0.9275	0.8961	0.9128	0.8963	0.8854	0.9291	0.9326	0.9126	0.9430	0.9435	0.9171	0.9513	0.9593	0.9454	0.9593	0.9640	0.9525	1.0352	1.0356	1.0190
AAT	1.0700	1.0645	1.0344	1.0275	1.0158	0.9901	0.9920	0.9870	0.9832	0.9867	0.9892	0.9787	0.9956	1.0003	0.9825	1.0006	0.9900	0.9844	1.0096	1.0107	0.9948	0.9949	0.9887	0.9827	0.9998	1.0036	0.9979	1.0063	0.9991	0.9911	0.9993	0.9888	0.9870	0.9981	0.9901	0.9691	1.0008	0.9877	0.9819	1.0063	1.0095	0.9946	1.0017	1.0052	0.9831	0.9861	0.9839	0.9660	0.9671	0.9628	0.9508	0.9710	0.9812	0.9872	0.9967	0.9921	0.9704	0.9773	0.9706	0.9477	0.9583	0.9555	0.9549	0.9624	0.9568	0.9535	0.9764	0.9930	0.9835	1.0047	0.9912	0.9686	0.9853	0.9827	0.9847	0.9983	1.0195	1.0023	1.0498	1.0628	1.0642	1.0928	1.0747	0.9914	0.8712	0.7196	0.4165	0.5062	0.6206	0.7081	0.7732	0.8310	0.8403	0.8570	0.8474	0.8521	0.9721	1.0538	1.1255	1.1949	1.1723	1.1180	1.0892	1.0572	1.0167	0.9820	0.9445	0.9017	0.8657	0.8524	0.7921	1.0767	1.0606	1.0162	1.0288	1.0150	0.9947	0.9978	0.9648	0.9292	0.9337	0.9359	0.9247	0.9390	0.9412	0.9288	0.9501	0.9529	0.9281	0.9352	0.9109	0.8962	0.9096	0.9109	0.8932	0.9100	0.9176	0.9055	0.9342	0.9276	0.9153	0.9185	0.9363	0.9390	0.9582	0.9541	0.9481	0.9555	0.9506	0.9402	0.9646	0.9657	0.9473	0.9555	0.9482	0.9233	0.9491	0.9462	0.9469	0.9686	0.9702	0.9503	0.9626	0.9554	0.9298	0.9313	0.9294	0.9049	0.9189	0.9223	0.9064	0.9212	0.9040	0.9020	0.9286	0.9123	0.8961	0.9118	0.9102	0.8932	0.9025	0.8947	0.8733	0.8852	0.8947	0.8935	0.9165	0.9068	0.8832	0.8900	0.8911	0.8887	0.9153	0.9331	0.9413	0.9703	0.9835	0.9723
AAC	1.0306	1.0207	1.0028	1.0292	1.0272	1.0069	1.0309	1.0188	0.9929	1.0207	1.0065	0.9821	0.9999	0.9951	0.9685	0.9975	0.9868	0.9665	0.9913	0.9821	0.9496	0.9615	0.9616	0.9463	0.9755	0.9735	0.9527	0.9776	0.9737	0.9603	0.9987	1.0012	0.9905	1.0221	1.0071	0.9969	1.0188	1.0178	1.0071	1.0290	1.0230	1.0072	1.0259	1.0048	0.9854	1.0154	0.9977	0.9798	1.0052	0.9857	0.9669	1.0094	1.0070	0.9849	1.0088	0.9983	0.9788	1.0039	1.0072	0.9863	1.0135	1.0054	0.9822	0.9988	0.9857	0.9743	0.9939	0.9857	0.9574	0.9841	0.9790	0.9591	0.9889	1.0026	0.9835	1.0113	1.0075	1.0052	1.0626	1.0640	1.0264	1.0473	1.0275	0.9638	0.8947	0.8235	0.5837	0.7031	0.8067	0.7913	0.8650	0.8873	0.8818	0.9096	0.9060	0.9031	1.0679	1.1199	1.1830	1.2233	1.1948	1.1468	1.1463	1.1102	1.0529	1.0141	0.9656	0.9338	0.9476	0.8945	0.8832	1.2421	1.1652	1.1383	1.1718	1.1395	1.0901	1.0874	1.0607	1.0092	1.0033	0.9727	0.9591	0.9891	0.9842	0.9644	0.9836	0.9637	0.9413	0.9733	0.9665	0.9599	0.9817	0.9721	0.9536	0.9678	0.9499	0.9290	0.9490	0.9386	0.9243	0.9613	0.9599	0.9466	0.9731	0.9596	0.9484	0.9761	0.9730	0.9452	0.9838	0.9704	0.9441	0.9600	0.9614	0.9429	0.9785	0.9651	0.9432	0.9649	0.9595	0.9378	0.9646	0.9607	0.9408	0.9650	0.9611	0.9387	0.9684	0.9596	0.9472	0.9782	0.9716	0.9386	0.9819	0.9800	0.9547	0.9783	0.9746	0.9377	0.9555	0.9603	0.9314	0.9486	0.9245	0.9023	0.9466	0.9434	0.9245	0.9571	0.9605	0.9461	0.9705	0.9791	0.9693	0.9891	0.9730	0.9342
AAA	1.0129	1.0101	1.0106	1.0271	1.0282	1.0095	1.0306	1.0271	1.0105	1.0194	1.0192	1.0136	1.0144	1.0158	1.0144	1.0191	1.0152	0.9823	1.0018	0.9961	0.9825	0.9988	0.9943	0.9802	0.9874	0.9880	0.9695	0.9772	0.9744	0.9699	0.9922	1.0050	0.9873	0.9963	0.9937	0.9679	0.9833	0.9958	0.9849	0.9952	0.9882	0.9641	0.9717	0.9632	0.9458	0.9731	0.9745	0.9637	0.9833	0.9875	0.9722	0.9715	0.9711	0.9474	0.9594	0.9505	0.9385	0.9539	0.9618	0.9477	0.9703	0.9602	0.9600	0.9797	0.9864	0.9688	0.9675	0.9649	0.9459	0.9588	0.9570	0.9400	0.9650	0.9639	0.9585	0.9821	1.0024	1.0059	1.0371	1.0682	1.0747	1.1041	1.1058	1.0493	0.9441	0.7780	0.3166	0.3625	0.4509	0.5622	0.6533	0.7069	0.7394	0.7796	0.7659	0.7314	0.7079	0.6971	0.6829	0.7225	0.7675	0.7618	0.7697	0.7755	0.7599	0.7711	0.7519	0.7463	0.7720	0.7870	0.7470	0.7428	0.8399	0.8249	0.8520	0.8836	0.8961	0.9272	0.9429	0.9372	0.9629	0.9684	0.9566	0.9644	0.9740	0.9539	0.9619	0.9545	0.9407	0.9534	0.9525	0.9401	0.9528	0.9449	0.9292	0.9384	0.9536	0.9472	0.9707	0.9636	0.9387	0.9429	0.9406	0.9245	0.9352	0.9355	0.9182	0.9285	0.9421	0.9259	0.9382	0.9480	0.9313	0.9464	0.9396	0.9213	0.9375	0.9403	0.9144	0.9132	0.9166	0.9074	0.9131	0.9214	0.9084	0.9260	0.9189	0.9083	0.9120	0.9239	0.9081	0.9272	0.9374	0.9280	0.9299	0.9278	0.9191	0.9275	0.9322	0.9142	0.9114	0.9142	0.8987	0.9111	0.9268	0.9204	0.9296	0.9242	0.9031	0.9066	0.9091	0.8917	0.9085	0.9313	0.9238	0.9287	0.9396	0.9276
AAG	1.0265	1.0149	1.0018	1.0263	1.0254	1.0004	1.0318	1.0246	1.0149	1.0299	1.0193	0.9918	1.0102	1.0094	0.9988	1.0358	1.0312	1.0057	1.0315	1.0236	1.0011	1.0216	1.0173	0.9947	1.0086	1.0014	0.9709	0.9838	0.9839	0.9583	0.9756	0.9665	0.9489	0.9697	0.9560	0.9336	0.9627	0.9630	0.9440	0.9797	0.9800	0.9587	0.9781	0.9750	0.9409	0.9606	0.9554	0.9398	0.9737	0.9670	0.9506	0.9820	0.9790	0.9593	0.9747	0.9733	0.9470	0.9698	0.9692	0.9510	0.9751	0.9733	0.9467	0.9821	0.9855	0.9605	0.9753	0.9707	0.9512	0.9698	0.9675	0.9446	0.9811	0.9861	0.9760	1.0187	1.0232	1.0195	1.0565	1.0681	1.0652	1.1001	1.0789	1.0033	0.9368	0.8391	0.5318	0.6447	0.7409	0.7625	0.8131	0.8524	0.8755	0.9602	0.9637	0.9389	0.9781	0.9735	0.9810	1.0197	0.9930	0.9298	0.8967	0.8740	0.8304	0.8007	0.7605	0.7350	0.7334	0.7145	0.7725	0.7083	0.6630	0.6917	0.7450	0.7824	0.8076	0.8653	0.8835	0.8914	0.9449	0.9506	0.9335	0.9525	0.9503	0.9345	0.9551	0.9565	0.9389	0.9585	0.9538	0.9326	0.9640	0.9679	0.9468	0.9656	0.9614	0.9379	0.9602	0.9535	0.9321	0.9519	0.9464	0.9211	0.9446	0.9442	0.9194	0.9431	0.9427	0.9257	0.9515	0.9477	0.9292	0.9585	0.9564	0.9367	0.9632	0.9579	0.9279	0.9430	0.9406	0.9242	0.9469	0.9450	0.9206	0.9449	0.9399	0.9140	0.9307	0.9238	0.9002	0.9228	0.9245	0.8952	0.9158	0.9198	0.9005	0.9222	0.9211	0.9038	0.9263	0.9265	0.9072	0.9285	0.9253	0.9051	0.9278	0.9222	0.9042	0.9310	0.9257	0.9091	0.9433	0.9473	0.9315	0.9637	0.9603	0.9447
AGT	0.9930	1.0008	1.0120	1.0280	1.0227	1.0077	1.0278	1.0257	1.0018	1.0059	1.0080	1.0033	1.0083	1.0005	0.9826	0.9890	0.9980	0.9981	0.9984	0.9966	0.9787	0.9994	0.9955	0.9769	0.9892	0.9977	0.9966	1.0179	1.0077	0.9955	1.0012	0.9947	0.9807	0.9831	0.9804	0.9735	0.9967	0.9933	0.9833	0.9849	0.9792	0.9491	0.9728	0.9719	0.9621	0.9696	0.9611	0.9388	0.9687	0.9753	0.9813	0.9922	0.9926	0.9782	0.9797	0.9800	0.9988	1.0109	1.0115	0.9930	0.9943	0.9815	0.9569	0.9665	0.9688	0.9442	0.9440	0.9594	0.9372	0.9641	0.9672	0.9615	0.9846	0.9733	0.9405	0.9487	0.9342	0.9259	0.9440	0.9512	0.9383	0.9800	0.9905	0.9673	0.9664	0.9444	0.8055	0.9547	0.9422	0.9528	0.9468	0.9375	0.8815	0.8416	0.7739	0.7172	0.6874	0.6521	0.6302	0.6200	0.6366	0.6297	0.6676	0.6867	0.6797	0.7045	0.7196	0.7430	0.7005	0.7265	0.6698	0.6433	0.7358	0.7285	0.7887	0.8082	0.8238	0.8627	0.8916	0.8952	0.9133	0.9241	0.9215	0.9456	0.9506	0.9296	0.9442	0.9379	0.9248	0.9531	0.9481	0.9191	0.9245	0.9202	0.9159	0.9356	0.9371	0.9255	0.9403	0.9466	0.9322	0.9494	0.9601	0.9519	0.9473	0.9720	0.9746	1.0168	0.9991	0.9719	0.9710	0.9896	0.9736	0.9816	0.9691	0.9393	0.9297	0.9226	0.9129	0.9380	0.9441	0.9338	0.9485	0.9571	0.9499	0.9889	0.9892	0.9625	0.9438	0.9373	0.9068	0.9350	0.9292	0.9035	0.9224	0.9097	0.9011	0.9201	0.9248	0.9171	0.9401	0.9477	0.9471	0.9588	0.9587	0.9510	0.9654	0.9574	0.9254	0.9361	0.9302	0.9141	0.9545	0.9615	0.9430	0.9699	0.9492	0.9362
AGC	0.9616	0.9629	0.9656	1.0139	1.0057	0.9791	1.0129	1.0052	0.9910	1.0173	1.0116	1.0034	1.0189	1.0140	0.9858	0.9895	0.9702	0.9624	0.9915	0.9756	0.9628	0.9988	0.9852	0.9588	0.9826	0.9851	0.9665	0.9830	0.9749	0.9596	0.9763	0.9636	0.9571	0.9745	0.9654	0.9480	0.9562	0.9585	0.9322	0.9585	0.9573	0.9266	0.9460	0.9495	0.9286	0.9492	0.9454	0.9281	0.9396	0.9370	0.9198	0.9226	0.9270	0.9113	0.9521	0.9536	0.9308	0.9428	0.9386	0.9115	0.9323	0.9352	0.9146	0.9429	0.9446	0.9213	0.9595	0.9538	0.9370	0.9641	0.9657	0.9453	0.9657	0.9528	0.9336	0.9658	0.9630	0.9235	0.9356	0.9182	0.8949	0.9328	0.9344	0.9147	0.9533	0.9541	0.9232	1.0948	1.1702	0.9683	0.9758	0.9613	0.9275	0.9185	0.8548	0.8153	0.7997	0.7683	0.7435	0.7301	0.7198	0.7071	0.7386	0.7477	0.7268	0.7532	0.7545	0.7398	0.7809	0.7891	0.7465	0.6521	0.6093	0.6356	0.7038	0.7192	0.7400	0.7994	0.8279	0.8433	0.9012	0.9080	0.8902	0.9330	0.9444	0.9421	0.9908	0.9679	0.9520	0.9787	0.9776	0.9484	0.9596	0.9497	0.9354	0.9592	0.9541	0.9290	0.9540	0.9415	0.9211	0.9460	0.9400	0.9260	0.9653	0.9559	0.9356	0.9664	0.9842	0.9790	1.0044	0.9963	0.9663	0.9881	0.9746	0.9330	0.9614	0.9474	0.9226	0.9462	0.9407	0.9145	0.9341	0.9269	0.9045	0.9207	0.9153	0.9112	0.9319	0.9290	0.9089	0.9151	0.9058	0.8892	0.8985	0.8926	0.8723	0.9073	0.9117	0.8974	0.9235	0.9187	0.9081	0.9250	0.9132	0.8920	0.9215	0.9313	0.9184	0.9519	0.9452	0.9376	0.9682	0.9629	0.9531	0.9800	0.9778	0.9409
AGA	1.0506	1.0450	1.0391	1.0452	1.0389	1.0131	1.0042	1.0019	1.0019	0.9986	0.9902	0.9896	1.0055	1.0160	1.0019	0.9980	1.0092	0.9881	0.9745	0.9692	0.9464	0.9563	0.9795	0.9722	0.9835	0.9854	0.9619	0.9693	0.9759	0.9549	0.9737	0.9617	0.9599	0.9804	0.9956	0.9743	1.0034	0.9952	0.9842	0.9877	0.9831	0.9598	0.9709	0.9696	0.9522	0.9519	0.9479	0.9327	0.9421	0.9343	0.9205	0.9115	0.9272	0.9017	0.9158	0.9177	0.9176	0.9341	0.9414	0.9398	0.9402	0.9381	0.9194	0.9241	0.9314	0.9292	0.9465	0.9640	0.9509	0.9821	0.9926	0.9530	0.9595	0.9682	0.9492	0.9454	0.9548	0.9519	0.9870	1.0063	1.0055	1.0074	1.0201	0.9951	0.9536	0.9131	0.7003	0.8217	0.7088	0.7981	0.8484	0.8622	0.8680	0.8866	0.8660	0.8576	0.8715	0.9067	0.9246	0.9032	0.9141	0.8782	0.8586	0.8415	0.7970	0.7868	0.7629	0.7569	0.7234	0.7464	0.7086	0.6558	0.8200	0.7969	0.8331	0.9006	0.9132	0.9355	0.9463	0.9186	0.9260	0.9284	0.9081	0.9183	0.9273	0.9243	0.9334	0.9345	0.9218	0.9389	0.9514	0.9411	0.9550	0.9563	0.9590	0.9756	0.9725	0.9412	0.9461	0.9470	0.9325	0.9257	0.9271	0.9121	0.9285	0.9627	0.9568	0.9767	0.9846	0.9615	0.9443	0.9390	0.9017	0.9183	0.9144	0.9003	0.9079	0.9135	0.9181	0.9307	0.9457	0.9178	0.9248	0.9429	0.9358	0.9571	0.9704	0.9588	0.9717	0.9824	0.9666	0.9662	0.9553	0.9292	0.9127	0.9021	0.8977	0.8959	0.9096	0.8931	0.8985	0.9111	0.9165	0.9283	0.9416	0.9398	0.9216	0.9291	0.9136	0.9129	0.9108	0.8889	0.8901	0.8995	0.8730	0.8857	0.8785	0.8741
AGG	0.9974	0.9988	0.9875	1.0145	1.0228	1.0157	1.0259	1.0144	0.9846	1.0114	1.0187	1.0075	1.0334	1.0432	1.0211	1.0151	1.0093	0.9828	0.9771	0.9706	0.9541	0.9701	0.9728	0.9546	0.9485	0.9439	0.9363	0.9581	0.9570	0.9419	0.9652	0.9696	0.9680	0.9900	0.9806	0.9676	1.0005	0.9839	0.9629	0.9857	0.9770	0.9577	0.9728	0.9784	0.9561	0.9753	0.9720	0.9571	0.9765	0.9908	0.9826	0.9806	0.9767	0.9535	0.9453	0.9702	0.9534	0.9645	0.9668	0.9393	0.9429	0.9432	0.9172	0.9291	0.9213	0.9207	0.9280	0.9313	0.9290	0.9626	0.9917	0.9746	0.9861	0.9941	0.9677	0.9689	0.9660	0.9411	0.9272	0.9220	0.8967	0.9148	0.9203	0.8822	0.9162	0.9255	0.8795	1.0570	1.1163	1.0020	0.9847	1.0001	1.0215	1.1399	1.1689	1.2276	1.3887	1.5025	1.5997	1.6055	1.5436	1.4388	1.3370	1.2659	1.1269	1.0169	0.9114	0.8476	0.7904	0.7848	0.7406	0.6028	0.5543	0.6278	0.6546	0.7216	0.7573	0.8126	0.8522	0.8706	0.9087	0.9241	0.9153	0.9498	0.9460	0.9345	0.9513	0.9488	0.9267	0.9213	0.9391	0.9168	0.9303	0.9490	0.9334	0.9402	0.9482	0.9214	0.9460	0.9584	0.9397	0.9630	0.9502	0.9298	0.9575	0.9632	0.9428	0.9789	0.9925	0.9780	0.9759	0.9630	0.9428	0.9667	0.9663	0.9572	0.9704	0.9946	0.9728	0.9808	0.9747	0.9641	0.9897	1.0011	0.9749	0.9598	0.9578	0.9467	0.9536	0.9608	0.9592	0.9772	0.9752	0.9438	0.9443	0.9574	0.9289	0.9456	0.9582	0.9543	0.9704	0.9845	0.9523	0.9522	0.9440	0.9203	0.9327	0.9301	0.9201	0.9316	0.9324	0.9139	0.9576	0.9743	0.9731	0.9900	0.9959	0.9947
GTT	1.0038	1.0051	1.0001	1.0154	1.0088	1.0008	1.0044	1.0035	0.9912	1.0077	1.0110	0.9877	0.9980	0.9922	0.9849	0.9938	1.0002	1.0002	1.0258	1.0300	1.0232	1.0415	1.0436	1.0230	1.0281	1.0162	0.9928	0.9852	0.9645	0.9513	0.9612	0.9669	0.9648	1.0113	1.0222	1.0155	1.0272	1.0344	1.0163	1.0179	1.0115	0.9910	1.0005	1.0083	0.9972	1.0146	1.0010	0.9946	0.9937	0.9800	0.9690	0.9774	0.9902	0.9650	0.9872	0.9875	0.9796	0.9854	0.9883	0.9627	0.9775	0.9802	0.9508	0.9496	0.9575	0.9376	0.9519	0.9480	0.9480	0.9540	0.9558	0.9686	0.9773	0.9742	0.9643	0.9917	0.9950	0.9978	1.0086	1.0135	1.0065	1.0375	1.0402	1.0316	1.0479	1.0324	1.0558	0.8894	0.9515	1.0383	1.0713	1.0479	0.9814	0.8871	0.8147	0.7406	0.7125	0.6803	0.6282	0.6297	0.6277	0.6360	0.6877	0.6970	0.7253	0.8015	0.8723	0.8553	0.9719	0.9170	0.8681	1.0327	1.0429	1.0272	1.0372	1.0322	1.0120	1.0142	1.0091	0.9786	0.9695	0.9699	0.9435	0.9477	0.9606	0.9450	0.9437	0.9402	0.9266	0.9452	0.9685	0.9596	0.9737	0.9703	0.9545	0.9632	0.9560	0.9324	0.9333	0.9463	0.9382	0.9526	0.9415	0.9225	0.9332	0.9439	0.9549	0.9609	0.9514	0.9238	0.9281	0.9298	0.9164	0.9377	0.9441	0.9325	0.9244	0.9304	0.9086	0.9148	0.9158	0.8950	0.9130	0.9125	0.9104	0.9395	0.9356	0.9311	0.9459	0.9357	0.9275	0.9468	0.9469	0.9221	0.9355	0.9348	0.9161	0.9252	0.9249	0.9227	0.9292	0.9391	0.9306	0.9487	0.9434	0.9352	0.9529	0.9519	0.9557	0.9828	0.9726	0.9672	0.9625	0.9663	0.9629	0.9673	0.9607	0.9574
GTC	1.0014	1.0022	0.9778	0.9993	0.9754	0.9580	0.9732	0.9748	0.9666	0.9962	1.0034	0.9937	1.0382	1.0364	1.0172	1.0476	1.0284	0.9986	1.0207	1.0152	1.0043	1.0189	1.0002	0.9851	1.0137	1.0087	1.0027	1.0235	1.0061	0.9739	1.0138	1.0071	0.9942	1.0228	1.0058	0.9876	0.9913	0.9671	0.9399	0.9686	0.9811	0.9625	0.9892	0.9831	0.9579	0.9662	0.9593	0.9595	0.9858	0.9810	0.9675	0.9873	0.9820	0.9541	0.9851	0.9741	0.9532	0.9843	0.9725	0.9495	0.9838	0.9754	0.9557	0.9812	0.9921	0.9722	0.9996	0.9888	0.9605	0.9617	0.9431	0.9028	0.9363	0.9296	0.9174	0.9609	0.9641	0.9602	1.0005	1.0053	1.0023	1.0165	1.0090	1.0071	1.0479	1.0556	1.1158	1.0640	1.1385	0.9916	1.0463	1.0263	0.9658	0.9025	0.8485	0.7936	0.7996	0.7784	0.7311	0.7196	0.7018	0.6843	0.7171	0.7152	0.7156	0.7651	0.8011	0.7697	0.9232	0.8527	0.7797	1.0712	1.0211	1.1009	1.1573	1.1366	1.1143	1.1215	1.0716	1.0211	1.0193	0.9936	0.9619	0.9846	0.9703	0.9394	0.9630	0.9684	0.9726	1.0008	0.9818	0.9696	0.9903	0.9731	0.9708	0.9920	0.9864	0.9606	0.9906	0.9795	0.9610	0.9938	0.9756	0.9522	0.9815	0.9770	0.9548	0.9783	0.9778	0.9542	0.9824	0.9698	0.9345	0.9744	0.9762	0.9723	1.0246	1.0186	1.0007	1.0239	1.0113	0.9860	1.0059	1.0100	0.9806	1.0041	1.0132	0.9959	1.0164	0.9972	0.9854	0.9974	0.9890	0.9720	1.0067	0.9931	0.9587	0.9707	0.9497	0.9259	0.9362	0.9298	0.9028	0.9262	0.9242	0.9103	0.9381	0.9285	0.9196	0.9473	0.9393	0.9379	0.9762	0.9800	0.9662	0.9922	0.9995	0.9821
GTA	1.0348	1.0469	1.0221	1.0180	1.0232	1.0333	1.0654	1.0647	1.0737	1.0800	1.0536	1.0427	1.0464	1.0552	1.0231	1.0537	1.0558	1.0370	1.0382	1.0136	0.9723	0.9733	0.9722	0.9586	0.9781	0.9631	0.9375	0.9677	0.9683	0.9698	0.9813	0.9758	0.9548	0.9682	0.9723	0.9599	0.9623	0.9607	0.9456	0.9586	0.9419	0.9323	0.9475	0.9545	0.9322	0.9562	0.9638	0.9513	0.9672	0.9749	0.9685	0.9598	0.9384	0.9262	0.9370	0.9456	0.9340	0.9450	0.9435	0.9307	0.9411	0.9469	0.9290	0.9454	0.9291	0.9330	0.9517	0.9473	0.9210	0.9528	0.9506	0.9534	0.9888	0.9737	0.9634	0.9833	0.9868	1.0024	1.0364	1.0322	1.0260	1.0567	1.0726	1.0455	1.0392	1.0128	1.0251	0.8158	0.6921	0.8200	0.8873	0.8956	0.8678	0.8035	0.7751	0.7575	0.7260	0.7028	0.6696	0.6739	0.6622	0.6715	0.6741	0.6523	0.6687	0.7117	0.7278	0.7148	0.8120	0.7753	0.7052	0.7562	0.9328	0.9183	0.9249	0.9496	0.9364	0.9456	0.9331	0.9405	0.9514	0.9521	0.9413	0.9693	0.9525	0.9435	0.9651	0.9707	0.9597	0.9629	0.9544	0.9482	0.9724	0.9740	0.9536	0.9453	0.9437	0.9326	0.9494	0.9526	0.9328	0.9424	0.9354	0.9176	0.9276	0.9129	0.9153	0.9370	0.9356	0.9315	0.9331	0.9331	0.9152	0.9310	0.9200	0.9307	0.9550	0.9509	0.9357	0.9387	0.9369	0.9271	0.9250	0.9214	0.9070	0.9280	0.9398	0.9501	0.9687	0.9794	0.9635	0.9603	0.9432	0.9439	0.9512	0.9527	0.9276	0.9290	0.9216	0.9099	0.9022	0.9108	0.8953	0.9203	0.9189	0.9225	0.9468	0.9484	0.9243	0.9474	0.9406	0.9159	0.9242	0.9338	0.9256	0.9311	0.9206	0.9070
GTG	1.0395	1.0269	1.0233	1.0382	1.0302	1.0209	1.0331	1.0355	1.0059	1.0200	1.0131	0.9949	1.0028	0.9981	0.9740	0.9998	0.9924	0.9809	1.0105	1.0004	0.9964	1.0430	1.0449	1.0318	1.0668	1.0645	1.0331	1.0382	1.0203	0.9886	1.0007	0.9868	0.9714	0.9897	0.9866	0.9741	1.0043	0.9980	0.9861	1.0215	1.0170	0.9879	1.0148	1.0063	0.9811	1.0152	0.9936	0.9640	0.9880	0.9743	0.9489	0.9895	0.9896	0.9732	0.9974	1.0008	0.9872	1.0063	0.9921	0.9673	0.9874	0.9932	0.9751	1.0114	1.0016	0.9734	0.9931	0.9869	0.9693	0.9730	0.9647	0.9360	0.9572	0.9465	0.9375	0.9519	0.9480	0.9270	0.9623	0.9600	0.9436	0.9649	0.9708	0.9664	1.0315	1.0635	1.1400	1.1303	1.1380	1.0625	1.0467	1.0125	0.9333	0.8550	0.8124	0.7329	0.7176	0.7027	0.6703	0.6929	0.6870	0.6778	0.7050	0.6947	0.6992	0.7390	0.7596	0.7338	0.8450	0.7964	0.7740	0.7596	0.7064	0.7405	0.7770	0.8002	0.8263	0.8914	0.9098	0.9152	0.9525	0.9506	0.9332	0.9621	0.9506	0.9207	0.9545	0.9383	0.9149	0.9364	0.9279	0.9147	0.9454	0.9377	0.9147	0.9425	0.9416	0.9279	0.9560	0.9509	0.9361	0.9636	0.9585	0.9289	0.9398	0.9283	0.9044	0.9342	0.9215	0.9179	0.9522	0.9483	0.9334	0.9770	0.9781	0.9503	0.9809	0.9745	0.9567	0.9800	0.9638	0.9455	0.9614	0.9498	0.9431	0.9641	0.9521	0.9319	0.9551	0.9496	0.9304	0.9490	0.9508	0.9412	0.9742	0.9650	0.9479	0.9680	0.9498	0.9263	0.9443	0.9357	0.9204	0.9453	0.9467	0.9201	0.9454	0.9431	0.9182	0.9585	0.9551	0.9420	0.9752	0.9609	0.9467	0.9779	0.9827	0.9695
GCT	1.0039	1.0042	0.9821	0.9827	0.9947	0.9938	1.0277	1.0232	1.0233	1.0274	1.0326	1.0192	1.0395	1.0226	0.9929	1.0036	1.0048	0.9806	1.0037	1.0051	0.9935	1.0138	1.0073	0.9980	1.0222	1.0118	1.0005	1.0081	1.0109	0.9925	1.0135	1.0031	0.9758	0.9784	0.9741	0.9524	0.9633	0.9667	0.9468	0.9503	0.9483	0.9420	0.9672	0.9583	0.9512	0.9662	0.9629	0.9574	0.9805	0.9769	0.9616	0.9827	0.9703	0.9601	0.9739	0.9654	0.9418	0.9485	0.9372	0.9233	0.9479	0.9508	0.9447	0.9668	0.9515	0.9510	0.9630	0.9612	0.9536	0.9814	0.9764	0.9620	0.9693	0.9681	0.9457	0.9338	0.9210	0.8991	0.8849	0.8629	0.8501	0.8673	0.8564	0.8810	0.9572	1.0397	1.1723	1.2900	1.1581	1.1303	1.0485	1.0042	0.9448	0.8812	0.8385	0.8101	0.8026	0.7939	0.7683	0.7804	0.7801	0.7672	0.7936	0.7950	0.7929	0.8282	0.8314	0.9016	0.8725	0.8318	0.7074	0.6394	0.7057	0.7147	0.7699	0.7822	0.7940	0.8456	0.8642	0.8724	0.9047	0.8969	0.8904	0.9035	0.9067	0.8938	0.9004	0.8954	0.8941	0.9126	0.9193	0.9172	0.9417	0.9510	0.9353	0.9449	0.9378	0.9220	0.9472	0.9473	0.9301	0.9383	0.9447	0.9433	0.9546	0.9370	0.9134	0.9180	0.9179	0.9063	0.9233	0.9079	0.9033	0.9245	0.9173	0.9064	0.9230	0.9289	0.9102	0.9376	0.9326	0.9192	0.9260	0.9127	0.9061	0.9321	0.9251	0.9076	0.9224	0.9157	0.9124	0.9237	0.9106	0.9084	0.9306	0.9281	0.9313	0.9452	0.9432	0.9257	0.9449	0.9412	0.9311	0.9397	0.9417	0.9356	0.9488	0.9426	0.9393	0.9628	0.9520	0.9431	0.9565	0.9393	0.9205	0.9427	0.9357	0.9341
GCC	0.9962	0.9894	0.9661	1.0002	1.0022	0.9919	1.0091	0.9978	0.9851	1.0030	1.0004	0.9809	1.0051	0.9963	0.9757	0.9921	0.9736	0.9493	0.9599	0.9500	0.9423	0.9705	0.9713	0.9567	0.9906	0.9923	0.9796	1.0013	1.0007	0.9739	0.9935	0.9819	0.9530	0.9716	0.9581	0.9405	0.9554	0.9430	0.9272	0.9510	0.9494	0.9398	0.9764	0.9686	0.9467	0.9751	0.9661	0.9482	0.9703	0.9629	0.9330	0.9522	0.9450	0.9289	0.9449	0.9406	0.9378	0.9725	0.9617	0.9493	1.0035	1.0056	0.9769	0.9981	0.9844	0.9560	0.9744	0.9573	0.9216	0.9370	0.9267	0.9036	0.9085	0.8945	0.8709	0.8799	0.8633	0.8255	0.8275	0.7967	0.7585	0.7747	0.7777	0.7805	0.8649	0.9327	1.0751	1.2457	1.2571	1.0348	1.0062	0.9464	0.8972	0.8491	0.8146	0.7892	0.8237	0.8207	0.7972	0.8245	0.8141	0.8059	0.8271	0.8202	0.8117	0.8436	0.8450	0.9039	1.0194	0.9383	0.8026	0.6914	0.6449	0.7012	0.7271	0.7330	0.7362	0.7899	0.7967	0.8005	0.8482	0.8546	0.8503	0.8950	0.8972	0.8980	0.9328	0.9246	0.9144	0.9343	0.9289	0.9067	0.9459	0.9348	0.9158	0.9457	0.9366	0.9191	0.9560	0.9430	0.9359	0.9613	0.9537	0.9279	0.9612	0.9493	0.9289	0.9525	0.9533	0.9310	0.9737	0.9696	0.9490	0.9778	0.9681	0.9397	0.9647	0.9615	0.9495	0.9799	0.9732	0.9594	0.9924	0.9901	0.9807	1.0055	0.9992	0.9774	1.0002	0.9830	0.9566	0.9757	0.9549	0.9177	0.9512	0.9424	0.9365	0.9648	0.9571	0.9253	0.9523	0.9490	0.9245	0.9421	0.9435	0.9281	0.9669	0.9513	0.9230	0.9520	0.9505	0.9316	0.9620	0.9563	0.9263	0.9662	0.9606	0.9498
GCA	1.0584	1.0592	1.0455	1.0386	1.0208	0.9969	1.0110	1.0038	0.9951	1.0129	1.0180	1.0024	1.0106	1.0006	0.9904	1.0006	0.9884	0.9846	1.0029	1.0095	1.0014	1.0132	1.0020	0.9792	0.9983	0.9983	0.9914	1.0126	1.0168	1.0303	1.0354	1.0337	1.0159	1.0298	1.0182	1.0000	0.9939	0.9880	0.9834	0.9946	0.9877	0.9657	0.9917	0.9747	0.9590	0.9678	0.9674	0.9623	0.9779	0.9710	0.9599	0.9734	0.9721	0.9592	0.9787	0.9774	0.9733	0.9684	0.9669	0.9486	0.9743	0.9612	0.9412	0.9462	0.9324	0.9176	0.9259	0.9212	0.9289	0.9431	0.9376	0.9296	0.9419	0.9325	0.9117	0.9324	0.9180	0.9049	0.9135	0.9174	0.9139	0.9503	0.9828	1.0132	1.1136	1.2057	1.3156	1.3709	0.8563	0.9239	0.9409	0.9002	0.8793	0.8453	0.8186	0.8268	0.8322	0.8628	0.8667	0.8895	0.8940	0.8847	0.8861	0.8556	0.8407	0.8329	0.8010	0.8005	0.7792	0.7216	0.6145	0.5619	0.6971	0.7171	0.7384	0.7817	0.8112	0.8411	0.8660	0.8701	0.8987	0.8993	0.8938	0.9149	0.9269	0.9164	0.9169	0.9149	0.9045	0.9180	0.9046	0.8903	0.9132	0.9052	0.9053	0.9179	0.9206	0.9117	0.9287	0.9225	0.9154	0.9309	0.9457	0.9355	0.9486	0.9538	0.9352	0.9503	0.9547	0.9396	0.9456	0.9474	0.9435	0.9502	0.9445	0.9316	0.9431	0.9523	0.9380	0.9485	0.9349	0.9315	0.9508	0.9457	0.9351	0.9530	0.9463	0.9247	0.9489	0.9508	0.9351	0.9333	0.9198	0.9075	0.9207	0.9148	0.9098	0.9250	0.9227	0.9065	0.9110	0.8958	0.8808	0.9074	0.9100	0.9086	0.9134	0.9142	0.9029	0.9126	0.9048	0.8919	0.9159	0.9178	0.9107	0.9299	0.9241	0.9012
GCG	1.0262	1.0331	1.0658	1.0874	1.0858	1.0631	1.0684	1.0595	1.0340	1.0505	1.0230	1.0035	0.9907	0.9745	0.9446	0.9746	0.9690	0.9234	0.9576	0.9423	0.9203	0.9519	0.9479	0.9386	0.9738	0.9775	0.9605	0.9990	0.9858	0.9597	0.9843	0.9906	0.9630	0.9749	0.9558	0.9207	0.9315	0.9039	0.8890	0.9061	0.9015	0.8907	0.9166	0.9266	0.9059	0.9266	0.9121	0.8784	0.9054	0.9028	0.8880	0.9059	0.9007	0.8780	0.8942	0.8963	0.8885	0.9252	0.9435	0.9193	0.9235	0.9138	0.8834	0.8993	0.8957	0.8873	0.8857	0.8782	0.8820	0.9070	0.8792	0.8613	0.8665	0.8531	0.8331	0.8156	0.7981	0.7416	0.7309	0.7037	0.6771	0.7086	0.7170	0.7265	0.8353	0.9214	1.0565	1.2225	1.1680	1.0151	0.9729	0.9507	0.9089	0.8781	0.8633	0.8641	0.8975	0.8951	0.9050	0.9347	0.9258	0.9221	0.9734	0.9371	0.9143	0.9234	0.8733	0.9449	0.9435	0.8860	0.7703	0.6470	0.5983	0.5899	0.5924	0.6112	0.6388	0.6898	0.7021	0.7335	0.7959	0.8001	0.7919	0.8055	0.8019	0.8261	0.8532	0.8540	0.8774	0.9001	0.9115	0.9194	0.9357	0.9328	0.8998	0.9464	0.9266	0.8920	0.9199	0.9076	0.8995	0.9443	0.9578	0.9592	0.9760	0.9775	0.9912	1.0188	1.0181	0.9696	0.9818	0.9788	0.9334	0.9530	0.9373	0.9397	0.9749	0.9784	0.9656	1.0015	1.0038	0.9922	1.0004	0.9907	0.9552	0.9836	0.9644	0.9229	0.9444	0.9355	0.9210	0.9426	0.9366	0.9135	0.9692	0.9575	0.9252	0.9533	0.9506	0.9386	0.9731	0.9604	0.9360	0.9541	0.9342	0.9075	0.9394	0.9370	0.9274	0.9586	0.9626	0.9372	0.9988	1.0100	0.9775	0.9996	0.9897	0.9848
GAT	1.0266	1.0183	1.0056	1.0182	1.0131	0.9988	1.0055	0.9934	0.9683	0.9838	0.9860	0.9774	0.9953	1.0029	0.9845	0.9923	0.9859	0.9790	1.0008	0.9989	0.9732	0.9900	0.9863	0.9671	0.9792	0.9769	0.9639	0.9817	0.9808	0.9677	0.9781	0.9700	0.9478	0.9594	0.9554	0.9465	0.9683	0.9710	0.9563	0.9809	0.9794	0.9622	0.9747	0.9661	0.9504	0.9773	0.9715	0.9624	0.9966	0.9946	0.9776	0.9963	1.0000	0.9912	1.0011	0.9929	0.9863	1.0040	1.0028	0.9930	1.0068	1.0091	0.9940	1.0086	1.0131	0.9845	1.0027	0.9991	0.9803	1.0038	1.0036	0.9922	0.9974	0.9886	0.9626	0.9717	0.9786	0.9540	0.9782	0.9792	0.9833	1.0269	1.0435	1.0271	1.0585	1.0329	1.0281	0.7543	0.8487	0.8895	0.8939	0.8963	0.8835	0.8824	0.8792	0.8635	0.9486	1.0191	1.0330	1.1052	1.1145	1.1092	1.1558	1.1416	1.1015	1.1345	1.1505	1.0976	1.1244	1.0228	0.8918	1.2905	1.2458	1.1873	1.2121	1.1842	1.1518	1.1451	1.1018	1.0782	1.0566	1.0341	0.9953	0.9823	0.9646	0.9481	0.9547	0.9480	0.9349	0.9389	0.9279	0.9043	0.9159	0.9074	0.8935	0.9090	0.9097	0.8801	0.9068	0.9002	0.8891	0.9122	0.9138	0.9070	0.9183	0.9092	0.8898	0.9052	0.8953	0.8791	0.8883	0.8900	0.8731	0.8784	0.8671	0.8488	0.8691	0.8663	0.8603	0.8868	0.8928	0.8720	0.8914	0.8917	0.8822	0.9031	0.9069	0.8953	0.9150	0.9114	0.8930	0.9186	0.9105	0.8920	0.9277	0.9280	0.9046	0.9286	0.9208	0.8933	0.9017	0.8919	0.8674	0.8763	0.8707	0.8539	0.8875	0.8920	0.8757	0.8862	0.8769	0.8649	0.8832	0.8844	0.8797	0.8959	0.8909	0.8785
GAC	1.0150	1.0009	0.9801	1.0169	1.0085	0.9841	1.0011	0.9985	0.9844	1.0068	1.0072	0.9868	1.0118	1.0049	0.9791	1.0037	0.9960	0.9756	1.0016	0.9970	0.9801	1.0105	1.0044	0.9826	0.9980	0.9997	0.9916	1.0183	1.0129	0.9879	0.9980	0.9922	0.9758	1.0137	0.9998	0.9668	0.9918	0.9823	0.9606	0.9774	0.9786	0.9586	0.9819	0.9784	0.9534	0.9817	0.9834	0.9700	1.0037	1.0034	0.9792	1.0067	0.9898	0.9721	0.9826	0.9765	0.9406	0.9620	0.9554	0.9406	0.9825	0.9782	0.9503	0.9747	0.9661	0.9416	0.9704	0.9674	0.9479	0.9646	0.9658	0.9555	0.9760	0.9719	0.9552	0.9887	0.9886	0.9697	1.0037	1.0078	0.9829	1.0118	1.0056	0.9932	1.0378	1.0331	1.0628	0.9437	1.0394	0.9511	0.9780	0.9486	0.9241	0.9387	0.9494	0.9587	1.0741	1.1239	1.0977	1.1454	1.1489	1.1439	1.1946	1.1806	1.1493	1.1821	1.1859	1.1107	1.2602	1.1421	0.9877	1.4701	1.3713	1.3216	1.3231	1.2824	1.2275	1.2108	1.1675	1.0936	1.0803	1.0438	0.9889	0.9997	0.9801	0.9422	0.9641	0.9594	0.9421	0.9485	0.9453	0.9178	0.9371	0.9292	0.9020	0.9333	0.9256	0.8952	0.9299	0.9218	0.8987	0.9185	0.9177	0.8963	0.9073	0.9000	0.8832	0.8979	0.8970	0.8787	0.9044	0.8892	0.8780	0.9041	0.9068	0.8975	0.9285	0.9303	0.9023	0.9226	0.9253	0.8999	0.9328	0.9259	0.9168	0.9429	0.9423	0.9228	0.9478	0.9431	0.9310	0.9538	0.9517	0.9292	0.9425	0.9281	0.9038	0.9249	0.9139	0.9031	0.9335	0.9279	0.9157	0.9440	0.9365	0.9148	0.9459	0.9274	0.9138	0.9381	0.9317	0.9130	0.9463	0.9312	0.9149	0.9345	0.9299	0.9117
GAA	1.0273	1.0319	1.0202	1.0299	1.0262	1.0122	1.0184	1.0207	1.0064	1.0044	0.9926	0.9753	0.9796	0.9817	0.9560	0.9658	0.9680	0.9503	0.9703	0.9795	0.9725	0.9836	0.9883	0.9738	0.9830	0.9868	0.9705	0.9916	0.9900	0.9772	0.9977	1.0007	0.9800	0.9821	0.9891	0.9835	0.9823	0.9825	0.9638	0.9676	0.9693	0.9554	0.9567	0.9670	0.9530	0.9719	0.9712	0.9521	0.9586	0.9618	0.9350	0.9507	0.9631	0.9407	0.9595	0.9648	0.9540	0.9723	0.9761	0.9613	0.9663	0.9634	0.9443	0.9549	0.9723	0.9602	0.9700	0.9564	0.9396	0.9340	0.9415	0.9347	0.9375	0.9469	0.9423	0.9562	0.9591	0.9626	0.9878	1.0012	1.0121	1.0465	1.0776	1.0734	1.0889	1.0322	0.9861	0.5344	0.5984	0.7102	0.7599	0.7747	0.7850	0.8173	0.8396	0.8310	0.8351	0.8658	0.8413	0.8526	0.8642	0.8546	0.8624	0.8471	0.8220	0.8400	0.8372	0.8122	0.8619	0.8048	0.7128	0.7078	0.7992	0.7918	0.8480	0.8827	0.8918	0.9254	0.9412	0.9285	0.9410	0.9405	0.9207	0.9308	0.9358	0.9180	0.9223	0.9196	0.8967	0.8976	0.8978	0.8837	0.8911	0.9000	0.8849	0.9010	0.9094	0.8987	0.9007	0.9049	0.8938	0.8992	0.9109	0.9066	0.9094	0.9116	0.8914	0.8915	0.8995	0.8917	0.8953	0.9007	0.8883	0.8859	0.8982	0.9090	0.9157	0.9135	0.8983	0.9086	0.9061	0.8812	0.8897	0.8892	0.8724	0.8861	0.8890	0.8793	0.8799	0.8731	0.8558	0.8654	0.8707	0.8647	0.8744	0.8761	0.8649	0.8730	0.8803	0.8592	0.8745	0.8793	0.8621	0.8722	0.8677	0.8502	0.8591	0.8643	0.8527	0.8595	0.8588	0.8472	0.8669	0.8684	0.8521	0.8637	0.8774	0.8713
GAG	1.0151	1.0094	0.9951	1.0171	1.0154	1.0048	1.0282	1.0193	1.0034	1.0291	1.0222	1.0080	1.0305	1.0281	1.0030	1.0200	1.0152	0.9934	1.0273	1.0193	0.9846	1.0007	0.9923	0.9644	0.9873	0.9892	0.9662	0.9900	0.9886	0.9695	0.9963	0.9956	0.9731	0.9884	0.9855	0.9699	0.9883	0.9745	0.9484	0.9772	0.9793	0.9541	0.9823	0.9810	0.9576	0.9837	0.9851	0.9616	0.9867	0.9920	0.9708	0.9836	0.9754	0.9615	0.9791	0.9695	0.9537	0.9697	0.9700	0.9428	0.9605	0.9569	0.9417	0.9588	0.9622	0.9390	0.9605	0.9603	0.9400	0.9550	0.9611	0.9388	0.9576	0.9562	0.9353	0.9611	0.9595	0.9458	0.9661	0.9697	0.9492	0.9788	0.9835	0.9600	0.9968	0.9828	1.0045	0.8343	0.9180	0.9053	0.8907	0.8855	0.8569	0.8713	0.8825	0.8510	0.8758	0.8897	0.8471	0.8633	0.8432	0.8089	0.8164	0.8099	0.7829	0.7918	0.7833	0.7750	0.8477	0.7907	0.7238	0.6809	0.6356	0.6582	0.7159	0.7466	0.7783	0.8406	0.8705	0.8741	0.9188	0.9332	0.9156	0.9397	0.9413	0.9254	0.9366	0.9303	0.9042	0.9189	0.9092	0.8873	0.9061	0.9067	0.8924	0.9124	0.9128	0.8939	0.9138	0.9147	0.8981	0.9226	0.9150	0.8992	0.9216	0.9174	0.9049	0.9403	0.9341	0.9131	0.9358	0.9317	0.9168	0.9383	0.9291	0.9119	0.9351	0.9318	0.9067	0.9354	0.9306	0.9117	0.9368	0.9329	0.9187	0.9457	0.9426	0.9101	0.9344	0.9307	0.9126	0.9307	0.9282	0.9075	0.9278	0.9195	0.9002	0.9193	0.9129	0.8934	0.9183	0.9159	0.9070	0.9277	0.9233	0.9069	0.9252	0.9181	0.8876	0.9174	0.9170	0.8990	0.9252	0.9186	0.8995	0.9313	0.9335	0.9102
GGT	1.0766	1.0633	1.0346	1.0423	1.0311	1.0077	1.0173	1.0117	1.0153	1.0427	1.0296	1.0233	1.0298	1.0236	1.0060	1.0295	1.0289	1.0202	1.0244	1.0090	0.9985	1.0091	0.9864	0.9685	0.9819	0.9702	0.9583	0.9696	0.9761	0.9651	1.0029	0.9788	0.9759	0.9980	0.9889	0.9518	0.9827	0.9797	0.9683	1.0131	1.0098	1.0036	1.0171	1.0216	0.9910	0.9948	0.9853	0.9621	0.9721	0.9672	0.9637	0.9741	0.9565	0.9405	0.9600	0.9554	0.9288	0.9539	0.9404	0.9386	0.9643	0.9697	0.9478	0.9791	0.9823	0.9637	0.9838	0.9760	0.9499	0.9684	0.9635	0.9492	0.9795	0.9714	0.9600	0.9814	0.9420	0.9076	0.8987	0.8612	0.8348	0.8410	0.8294	0.8276	0.9038	0.9600	1.0650	1.1457	0.9626	0.9642	0.9293	0.8888	0.8300	0.7781	0.7218	0.7061	0.7830	0.8455	0.9044	0.9343	0.9551	0.9698	1.0530	1.0567	1.0077	1.0247	1.0192	1.0403	0.9845	0.9041	0.7372	0.6927	0.8221	0.7902	0.8720	0.8872	0.9003	0.9345	0.9347	0.9165	0.9390	0.9275	0.9202	0.9478	0.9475	0.9277	0.9412	0.9397	0.9036	0.9210	0.9130	0.8957	0.9187	0.9133	0.8907	0.9333	0.9420	0.9159	0.8998	0.8755	0.8565	0.8726	0.8610	0.8500	0.8903	0.8930	0.8771	0.8927	0.8867	0.8675	0.8783	0.8810	0.8629	0.8773	0.8825	0.8716	0.8973	0.8915	0.8852	0.9194	0.9204	0.9067	0.9312	0.9279	0.9090	0.9249	0.9105	0.8871	0.8999	0.9009	0.8763	0.8828	0.8977	0.8856	0.9045	0.9140	0.9103	0.9327	0.9178	0.9015	0.9117	0.9131	0.8869	0.9150	0.9038	0.9012	0.9015	0.8849	0.8704	0.9013	0.8977	0.8788	0.9199	0.9231	0.9005	0.9488	0.9515	0.9400
GGC	0.9744	0.9701	0.9619	0.9851	0.9851	0.9736	0.9950	0.9929	0.9821	1.0023	0.9939	0.9869	1.0189	1.0063	0.9799	1.0168	1.0065	0.9818	1.0049	0.9983	0.9695	0.9890	0.9922	0.9638	0.9886	0.9802	0.9522	0.9765	0.9671	0.9445	0.9597	0.9640	0.9348	0.9650	0.9632	0.9466	0.9754	0.9640	0.9509	0.9732	0.9738	0.9504	0.9753	0.9690	0.9525	0.9702	0.9491	0.9359	0.9624	0.9555	0.9324	0.9525	0.9441	0.9255	0.9563	0.9397	0.9199	0.9632	0.9602	0.9448	0.9852	0.9756	0.9636	0.9875	0.9815	0.9480	0.9661	0.9487	0.9175	0.9403	0.9286	0.8909	0.9142	0.8835	0.8548	0.8633	0.8484	0.8035	0.8055	0.7739	0.7432	0.7619	0.7522	0.7548	0.8311	0.8947	1.0167	1.1840	1.1955	0.9638	0.9565	0.9189	0.8769	0.8601	0.8118	0.7878	0.8720	0.8930	0.9132	0.9561	0.9497	0.9634	1.0245	1.0018	0.9582	0.9936	0.9998	0.9678	1.0900	1.0067	0.8374	0.7066	0.6449	0.6604	0.7186	0.7224	0.7336	0.7855	0.7850	0.7966	0.8462	0.8522	0.8681	0.8938	0.8888	0.8705	0.9112	0.9065	0.8979	0.9275	0.9218	0.9080	0.9515	0.9508	0.9249	0.9400	0.9243	0.9071	0.9322	0.9307	0.9095	0.9419	0.9364	0.9199	0.9458	0.9235	0.8887	0.9297	0.9159	0.8971	0.9239	0.9152	0.9012	0.9238	0.9103	0.8784	0.8954	0.8874	0.8709	0.8959	0.8904	0.8756	0.9080	0.9002	0.8959	0.9308	0.9253	0.9131	0.9388	0.9357	0.9216	0.9545	0.9454	0.9318	0.9717	0.9617	0.9324	0.9553	0.9515	0.9226	0.9600	0.9482	0.9035	0.9433	0.9337	0.9156	0.9411	0.9374	0.9109	0.9386	0.9385	0.9137	0.9379	0.9349	0.9205	0.9614	0.9574	0.9378
GGA	1.0429	1.0364	1.0194	1.0424	1.0325	1.0215	1.0419	1.0385	1.0330	1.0488	1.0348	1.0235	1.0342	1.0270	1.0109	1.0380	1.0253	1.0016	1.0220	1.0056	0.9950	1.0006	0.9936	0.9652	0.9855	0.9871	0.9792	0.9958	0.9883	0.9642	0.9719	0.9596	0.9405	0.9612	0.9639	0.9474	0.9692	0.9534	0.9371	0.9443	0.9385	0.9187	0.9436	0.9464	0.9403	0.9606	0.9713	0.9470	0.9655	0.9603	0.9421	0.9508	0.9520	0.9230	0.9341	0.9390	0.9194	0.9333	0.9387	0.9234	0.9396	0.9329	0.9034	0.9308	0.9369	0.9200	0.9589	0.9642	0.9559	0.9767	0.9737	0.9549	0.9530	0.9473	0.9223	0.9156	0.8980	0.8770	0.9116	0.9137	0.8964	0.9115	0.9174	0.9332	1.0006	1.0523	1.1524	1.1593	0.7193	0.8215	0.8484	0.8136	0.7935	0.7801	0.7512	0.7488	0.8197	0.8917	0.9378	0.9737	0.9790	0.9764	1.0075	0.9826	0.9125	0.8733	0.8453	0.8139	0.8146	0.7454	0.6122	0.5560	0.7052	0.6889	0.7627	0.8124	0.8412	0.8932	0.9142	0.9185	0.9534	0.9458	0.9303	0.9482	0.9507	0.9474	0.9609	0.9487	0.9220	0.9309	0.9236	0.9103	0.9096	0.9146	0.9090	0.9343	0.9138	0.9034	0.9185	0.9156	0.9077	0.9255	0.9222	0.9070	0.9140	0.9054	0.8821	0.8917	0.8946	0.8715	0.8969	0.9085	0.8855	0.8985	0.8909	0.8821	0.8991	0.9111	0.9053	0.9296	0.9296	0.9214	0.9336	0.9313	0.9134	0.9255	0.9133	0.9094	0.9283	0.9264	0.9111	0.9163	0.9189	0.9086	0.9240	0.9242	0.9122	0.9460	0.9415	0.9408	0.9643	0.9595	0.9466	0.9610	0.9495	0.9136	0.9142	0.9074	0.8968	0.9102	0.9000	0.8810	0.9059	0.9134	0.9148	0.9373	0.9223	0.9098
GGG	1.0522	1.0345	1.0213	1.0467	1.0395	1.0352	1.0696	1.0599	1.0404	1.0739	1.0687	1.0518	1.0660	1.0482	1.0139	1.0338	1.0044	0.9819	1.0184	0.9983	0.9850	1.0080	1.0081	1.0041	1.0253	1.0149	0.9867	1.0122	0.9950	0.9574	0.9733	0.9686	0.9566	0.9891	0.9841	0.9654	0.9769	0.9608	0.9338	0.9566	0.9448	0.9375	0.9799	0.9738	0.9626	0.9910	0.9858	0.9640	0.9812	0.9707	0.9529	0.9876	0.9765	0.9483	0.9682	0.9629	0.9412	0.9774	0.9752	0.9746	1.0104	0.9889	0.9569	0.9802	0.9775	0.9508	0.9912	0.9842	0.9722	0.9918	0.9720	0.9484	0.9798	0.9559	0.9178	0.9178	0.8910	0.8259	0.8078	0.7699	0.7167	0.7022	0.6794	0.6721	0.7529	0.8114	0.9587	1.1061	1.1909	1.0210	0.9437	0.8931	0.8372	0.8100	0.7797	0.7549	0.8566	0.9345	0.9892	1.0679	1.0578	1.0560	1.0964	1.0776	1.0144	0.9793	0.9442	0.9668	1.0949	1.0298	0.8566	0.6912	0.6168	0.6195	0.6286	0.6359	0.6441	0.7161	0.7322	0.7509	0.7933	0.8178	0.8471	0.8826	0.8822	0.8808	0.9047	0.9015	0.8958	0.9258	0.9162	0.9079	0.9603	0.9500	0.9283	0.9479	0.9434	0.9104	0.9455	0.9459	0.9280	0.9317	0.9133	0.9011	0.9251	0.9149	0.8899	0.9011	0.8801	0.8744	0.9035	0.9094	0.8955	0.9129	0.9016	0.8836	0.9053	0.8968	0.8878	0.8959	0.8840	0.8735	0.9074	0.9099	0.8946	0.9154	0.9214	0.9016	0.9152	0.9155	0.8955	0.9289	0.9274	0.9052	0.9362	0.9267	0.9152	0.9354	0.9344	0.9178	0.9385	0.9320	0.9256	0.9356	0.9319	0.8939	0.9085	0.9028	0.8785	0.9219	0.9120	0.8991	0.9209	0.9230	0.9042	0.9426	0.9361	0.9266
